1 43 0 0 0 0 0
2 43 0 0 0 0 0
2 43 0 0 0 0 0
2 43 0 0 0 0 0
2 43 0 0 0 0 0
0 0 0 0 0 0 0
0 0 0 0 0 0 0
0 0 0 0 0 0 0
1 43 0 0 0 0 0
2 43 0 0 0 0 0
2 43 0 0 0 0 0
2 43 0 0 0 0 0
2 43 0 0 0 0 0
0 0 0 0 0 0 0
0 0 0 0 0 0 0
0 0 0 0 0 0 0
1 43 0 0 0 0 0
2 43 0 0 0 0 0
2 43 0 0 0 0 0
2 43 0 0 0 0 0
2 43 0 0 0 0 0
0 0 0 0 0 0 0
0 0 0 0 0 0 0
0 0 0 0 0 0 0
1 48 0 0 0 0 0
2 48 0 0 0 0 0
2 48 0 0 0 0 0
2 48 0 0 0 0 0
2 48 0 0 0 0 0
0 0 0 0 0 0 0
0 0 0 0 0 0 0
0 0 0 0 0 0 0
1 48 0 0 0 0 0
2 48 0 0 0 0 0
2 48 0 0 0 0 0
2 48 0 0 0 0 0
2 48 0 0 0 0 0
0 0 0 0 0 0 0
0 0 0 0 0 0 0
0 0 0 0 0 0 0
1 48 0 0 0 0 0
2 48 0 0 0 0 0
2 48 0 0 0 0 0
2 48 0 0 0 0 0
2 48 0 0 0 0 0
0 0 0 0 0 0 0
0 0 0 0 0 0 0
0 0 0 0 0 0 0
1 48 0 0 0 0 0
2 48 0 0 0 0 0
2 48 0 0 0 0 0
2 48 0 0 0 0 0
2 48 0 0 0 0 0
0 0 0 0 0 0 0
0 0 0 0 0 0 0
0 0 0 0 0 0 0
1 48 0 0 0 0 0
2 48 0 0 0 0 0
2 48 0 0 0 0 0
2 48 0 0 0 0 0
2 48 0 0 0 0 0
0 0 0 0 0 0 0
0 0 0 0 0 0 0
0 0 0 0 0 0 0
1 43 0 0 0 0 0
2 43 0 0 0 0 0
2 43 0 0 0 0 0
2 43 0 0 0 0 0
2 43 0 0 0 0 0
0 0 0 0 0 0 0
0 0 0 0 0 0 0
0 0 0 0 0 0 0
1 43 0 0 0 0 0
2 43 0 0 0 0 0
2 43 0 0 0 0 0
2 43 0 0 0 0 0
2 43 0 0 0 0 0
0 0 0 0 0 0 0
0 0 0 0 0 0 0
0 0 0 0 0 0 0
1 43 0 0 0 0 0
2 43 0 0 0 0 0
2 43 0 0 0 0 0
2 43 0 0 0 0 0
2 43 0 0 0 0 0
0 0 0 0 0 0 0
0 0 0 0 0 0 0
0 0 0 0 0 0 0
1 48 0 0 0 0 0
2 48 0 0 0 0 0
2 48 0 0 0 0 0
2 48 0 0 0 0 0
2 48 0 0 0 0 0
0 0 0 0 0 0 0
0 0 0 0 0 0 0
0 0 0 0 0 0 0
1 48 0 0 0 0 0
2 48 0 0 0 0 0
2 48 0 0 0 0 0
2 48 0 0 0 0 0
2 48 0 0 0 0 0
0 0 0 0 0 0 0
0 0 0 0 0 0 0
0 0 0 0 0 0 0
1 48 0 0 0 0 0
2 48 0 0 0 0 0
2 48 0 0 0 0 0
2 48 0 0 0 0 0
2 48 0 0 0 0 0
0 0 0 0 0 0 0
0 0 0 0 0 0 0
0 0 0 0 0 0 0
1 48 0 0 0 0 0
2 48 0 0 0 0 0
2 48 0 0 0 0 0
2 48 0 0 0 0 0
2 48 0 0 0 0 0
0 0 0 0 0 0 0
0 0 0 0 0 0 0
0 0 0 0 0 0 0
1 48 0 0 0 0 0
2 48 0 0 0 0 0
2 48 0 0 0 0 0
2 48 0 0 0 0 0
2 48 0 0 0 0 0
0 0 0 0 0 0 0
0 0 0 0 0 0 0
0 0 0 0 0 0 0
1 43 0 0 0 0 0
2 43 0 0 0 0 0
2 43 0 0 0 0 0
2 43 0 0 0 0 0
2 43 0 0 0 0 0
0 0 0 0 0 0 0
0 0 0 0 0 0 0
0 0 0 0 0 0 0
1 43 0 0 0 0 0
2 43 0 0 0 0 0
2 43 0 0 0 0 0
2 43 0 0 0 0 0
2 43 0 0 0 0 0
0 0 0 0 0 0 0
0 0 0 0 0 0 0
0 0 0 0 0 0 0
1 43 0 0 0 0 0
2 43 0 0 0 0 0
2 43 0 0 0 0 0
2 43 0 0 0 0 0
2 43 0 0 0 0 0
0 0 0 0 0 0 0
0 0 0 0 0 0 0
0 0 0 0 0 0 0
1 48 0 0 0 0 0
2 48 0 0 0 0 0
2 48 0 0 0 0 0
2 48 0 0 0 0 0
2 48 0 0 0 0 0
0 0 0 0 0 0 0
0 0 0 0 0 0 0
0 0 0 0 0 0 0
1 48 0 0 0 0 0
2 48 0 0 0 0 0
2 48 0 0 0 0 0
2 48 0 0 0 0 0
2 48 0 0 0 0 0
0 0 0 0 0 0 0
0 0 0 0 0 0 0
0 0 0 0 0 0 0
1 48 0 0 0 0 0
2 48 0 0 0 0 0
2 48 0 0 0 0 0
2 48 0 0 0 0 0
2 48 0 0 0 0 0
0 0 0 0 0 0 0
0 0 0 0 0 0 0
0 0 0 0 0 0 0
1 48 0 0 0 0 0
2 48 0 0 0 0 0
2 48 0 0 0 0 0
2 48 0 0 0 0 0
2 48 0 0 0 0 0
0 0 0 0 0 0 0
0 0 0 0 0 0 0
0 0 0 0 0 0 0
1 48 0 0 0 0 0
2 48 0 0 0 0 0
2 48 0 0 0 0 0
2 48 0 0 0 0 0
2 48 0 0 0 0 0
0 0 0 0 0 0 0
0 0 0 0 0 0 0
0 0 0 0 0 0 0
1 43 0 0 0 0 0
2 43 0 0 0 0 0
2 43 0 0 0 0 0
2 43 0 0 0 0 0
2 43 0 0 0 0 0
0 0 0 0 0 0 0
0 0 0 0 0 0 0
0 0 0 0 0 0 0
1 43 0 0 0 0 0
2 43 0 0 0 0 0
2 43 0 0 0 0 0
2 43 0 0 0 0 0
2 43 0 0 0 0 0
0 0 0 0 0 0 0
0 0 0 0 0 0 0
0 0 0 0 0 0 0
1 43 0 0 0 0 0
2 43 0 0 0 0 0
2 43 0 0 0 0 0
2 43 0 0 0 0 0
2 43 0 0 0 0 0
0 0 0 0 0 0 0
0 0 0 0 0 0 0
0 0 0 0 0 0 0
1 50 0 0 1 0 1
2 50 0 0 0 0 0
2 50 0 0 0 0 0
2 50 0 0 0 0 0
2 50 0 0 0 0 0
2 50 0 0 0 0 0
2 50 0 0 0 0 0
2 50 0 0 0 0 0
2 50 0 0 0 0 0
2 50 0 0 0 0 0
2 50 0 0 0 0 0
2 50 0 0 0 0 0
2 50 0 0 0 0 0
2 50 0 0 0 0 0
2 50 0 0 0 0 0
2 50 0 0 0 0 0
2 50 0 0 0 0 0
2 50 0 0 0 0 0
2 50 0 0 0 0 0
2 50 0 0 0 0 0
2 50 0 0 0 0 0
2 50 0 0 0 0 0
2 50 0 0 0 0 0
2 50 0 0 0 0 0
2 50 0 0 0 0 0
2 50 0 0 0 0 0
2 50 0 0 0 0 0
2 50 0 0 0 0 0
2 50 0 0 0 0 0
2 50 0 0 0 0 0
2 50 0 0 0 0 0
2 50 0 0 0 0 0
2 50 0 0 0 0 0
2 50 0 0 0 0 0
2 50 0 0 0 0 0
2 50 0 0 0 0 0
2 50 0 0 0 0 0
2 50 0 0 0 0 0
2 50 0 0 0 0 0
2 50 0 0 0 0 0
2 50 0 0 1 0 0
0 0 0 0 0 0 0
0 0 0 0 0 0 0
0 0 0 0 0 0 0
0 0 0 0 0 0 0
0 0 0 0 0 0 0
0 0 0 0 0 0 0
0 0 0 0 0 0 0
0 0 0 0 1 0 0
0 0 0 0 0 0 0
0 0 0 0 0 0 0
0 0 0 0 0 0 0
0 0 0 0 0 0 0
0 0 0 0 0 0 0
0 0 0 0 0 0 0
0 0 0 0 0 0 0
0 0 0 0 1 0 0
0 0 0 0 0 0 0
0 0 0 0 0 0 0
0 0 0 0 0 0 0
0 0 0 0 0 0 0
0 0 0 0 0 0 0
0 0 0 0 0 0 0
0 0 0 0 0 0 0
0 0 0 0 1 0 0
0 0 0 0 0 0 0
0 0 0 0 0 0 0
0 0 0 0 0 0 0
0 0 0 0 0 0 0
0 0 0 0 0 0 0
0 0 0 0 0 0 0
0 0 0 0 0 0 0
0 0 0 0 1 0 0
0 0 0 0 0 0 0
0 0 0 0 0 0 0
0 0 0 0 0 0 0
0 0 0 0 0 0 0
0 0 0 0 0 0 0
0 0 0 0 0 0 0
0 0 0 0 0 0 0
0 0 0 0 1 0 0
0 0 0 0 0 0 0
0 0 0 0 0 0 0
0 0 0 0 0 0 0
0 0 0 0 0 0 0
0 0 0 0 0 0 0
0 0 0 0 0 0 0
0 0 0 0 0 0 0
0 0 0 0 1 0 0
0 0 0 0 0 0 0
0 0 0 0 0 0 0
0 0 0 0 0 0 0
0 0 0 0 0 0 0
0 0 0 0 0 0 0
0 0 0 0 0 0 0
0 0 0 0 0 0 0
0 0 0 0 1 0 0
0 0 0 0 0 0 0
0 0 0 0 0 0 0
0 0 0 0 0 0 0
0 0 0 0 0 0 0
0 0 0 0 0 0 0
0 0 0 0 0 0 0
0 0 0 0 0 0 0
0 0 0 0 1 0 0
0 0 0 0 0 0 0
0 0 0 0 0 0 0
0 0 0 0 0 0 0
0 0 0 0 0 0 0
0 0 0 0 0 0 0
0 0 0 0 0 0 0
0 0 0 0 0 0 0
0 0 0 0 1 0 0
0 0 0 0 0 0 0
0 0 0 0 0 0 0
0 0 0 0 0 0 0
0 0 0 0 0 0 0
0 0 0 0 0 0 0
0 0 0 0 0 0 0
0 0 0 0 0 0 0
0 0 0 0 1 0 0
0 0 0 0 0 0 0
0 0 0 0 0 0 0
0 0 0 0 0 0 0
0 0 0 0 0 0 0
0 0 0 0 0 0 0
0 0 0 0 0 0 0
0 0 0 0 0 0 0
0 0 0 0 1 0 0
0 0 0 0 0 0 0
0 0 0 0 0 0 0
0 0 0 0 0 0 0
0 0 0 0 0 0 0
0 0 0 0 0 0 0
0 0 0 0 0 0 0
0 0 0 0 0 0 0
0 0 0 0 1 0 0
0 0 0 0 0 0 0
0 0 0 0 0 0 0
0 0 0 0 0 0 0
0 0 0 0 0 0 0
0 0 0 0 0 0 0
0 0 0 0 0 0 0
0 0 0 0 0 0 0
1 43 0 0 1 0 0
2 43 0 0 0 0 0
2 43 0 0 0 0 0
2 43 0 0 0 0 0
2 43 0 0 0 0 0
0 0 0 0 0 0 0
0 0 0 0 0 0 0
0 0 0 0 0 0 0
1 43 0 0 1 0 0
2 43 0 0 0 0 0
2 43 0 0 0 0 0
2 43 0 0 0 0 0
2 43 0 0 0 0 0
0 0 0 0 0 0 0
0 0 0 0 0 0 0
0 0 0 0 0 0 0
1 48 0 0 1 0 0
2 48 0 0 0 0 0
2 48 0 0 0 0 0
2 48 0 0 0 0 0
2 48 0 0 0 0 0
0 0 0 0 0 0 0
0 0 0 0 0 0 0
0 0 0 0 0 0 0
1 48 0 0 1 0 0
2 48 0 0 0 0 0
2 48 0 0 0 0 0
2 48 0 0 0 0 0
2 48 0 0 0 0 0
0 0 0 0 0 0 0
0 0 0 0 0 0 0
0 0 0 0 0 0 0
1 48 0 0 1 0 0
2 48 0 0 0 0 0
2 48 0 0 0 0 0
2 48 0 0 0 0 0
2 48 0 0 0 0 0
0 0 0 0 0 0 0
0 0 0 0 0 0 0
0 0 0 0 0 0 0
1 48 0 0 1 0 0
2 48 0 0 0 0 0
2 48 0 0 0 0 0
2 48 0 0 0 0 0
2 48 0 0 0 0 0
0 0 0 0 0 0 0
0 0 0 0 0 0 0
0 0 0 0 0 0 0
1 48 0 0 1 0 0
2 48 0 0 0 0 0
2 48 0 0 0 0 0
2 48 0 0 0 0 0
2 48 0 0 0 0 0
0 0 0 0 0 0 0
0 0 0 0 0 0 0
0 0 0 0 0 0 0
1 43 0 0 1 0 0
2 43 0 0 0 0 0
2 43 0 0 0 0 0
2 43 0 0 0 0 0
2 43 0 0 0 0 0
0 0 0 0 0 0 0
0 0 0 0 0 0 0
0 0 0 0 0 0 0
1 43 0 0 1 0 0
2 43 0 0 0 0 0
2 43 0 0 0 0 0
2 43 0 0 0 0 0
2 43 0 0 0 0 0
0 0 0 0 0 0 0
0 0 0 0 0 0 0
0 0 0 0 0 0 0
1 43 0 0 1 0 0
2 43 0 0 0 0 0
2 43 0 0 0 0 0
2 43 0 0 0 0 0
2 43 0 0 0 0 0
0 0 0 0 0 0 0
0 0 0 0 0 0 0
0 0 0 0 0 0 0
1 48 0 0 1 0 0
2 48 0 0 0 0 0
2 48 0 0 0 0 0
2 48 0 0 0 0 0
2 48 0 0 0 0 0
0 0 0 0 0 0 0
0 0 0 0 0 0 0
0 0 0 0 0 0 0
1 48 0 0 1 0 0
2 48 0 0 0 0 0
2 48 0 0 0 0 0
2 48 0 0 0 0 0
2 48 0 0 0 0 0
0 0 0 0 0 0 0
0 0 0 0 0 0 0
0 0 0 0 0 0 0
1 48 0 0 1 0 0
2 48 0 0 0 0 0
2 48 0 0 0 0 0
2 48 0 0 0 0 0
2 48 0 0 0 0 0
0 0 0 0 0 0 0
0 0 0 0 0 0 0
0 0 0 0 0 0 0
1 48 0 0 1 0 0
2 48 0 0 0 0 0
2 48 0 0 0 0 0
2 48 0 0 0 0 0
2 48 0 0 0 0 0
0 0 0 0 0 0 0
0 0 0 0 0 0 0
0 0 0 0 0 0 0
1 48 0 0 1 0 0
2 48 0 0 0 0 0
2 48 0 0 0 0 0
2 48 0 0 0 0 0
2 48 0 0 0 0 0
0 0 0 0 0 0 0
0 0 0 0 0 0 0
0 0 0 0 0 0 0
1 45 0 0 1 1 0
2 45 0 0 0 0 0
2 45 0 0 0 0 0
2 45 0 0 0 0 0
2 45 0 0 0 0 0
2 45 0 0 0 0 0
2 45 0 0 0 0 0
2 45 0 0 0 0 0
2 45 0 0 0 0 0
2 45 0 0 0 0 0
2 45 0 0 0 0 0
2 45 0 0 0 0 0
2 45 0 0 1 1 0
0 0 0 0 0 0 0
0 0 0 0 0 0 0
0 0 0 0 0 0 0
0 0 0 0 1 0 0
0 0 0 0 0 0 0
0 0 0 0 0 0 0
0 0 0 0 0 0 0
0 0 0 0 0 0 0
0 0 0 0 0 0 0
0 0 0 0 0 0 0
0 0 0 0 0 0 0
1 45 0 0 1 1 0
2 45 0 0 0 0 0
2 45 0 0 0 0 0
2 45 0 0 0 0 0
2 45 0 0 0 0 0
2 45 0 0 0 0 0
2 45 0 0 0 0 0
2 45 0 0 0 0 0
2 45 0 0 1 0 0
0 0 0 0 0 0 0
0 0 0 0 0 0 0
0 0 0 0 0 0 0
0 0 0 0 0 0 0
0 0 0 0 0 0 0
0 0 0 0 0 0 0
0 0 0 0 0 0 0
1 45 0 0 1 1 0
2 45 0 0 0 0 0
2 45 0 0 0 0 0
2 45 0 0 0 0 0
2 45 0 0 0 0 0
2 45 0 0 0 0 0
2 45 0 0 0 0 0
2 45 0 0 0 0 0
2 45 0 0 1 0 0
0 0 0 0 0 0 0
0 0 0 0 0 0 0
0 0 0 0 0 0 0
1 45 0 0 1 1 0
2 45 0 0 0 0 0
2 45 0 0 0 0 0
2 45 0 0 0 0 0
2 45 0 0 0 0 0
2 45 0 0 0 0 0
2 45 0 0 0 0 0
2 45 0 0 0 0 0
2 45 0 0 0 0 0
2 45 0 0 0 0 0
2 45 0 0 0 0 0
2 45 0 0 0 0 0
2 45 0 0 1 1 0
0 0 0 0 0 0 0
0 0 0 0 0 0 0
0 0 0 0 0 0 0
0 0 0 0 0 0 0
0 0 0 0 0 0 0
0 0 0 0 0 0 0
0 0 0 0 0 0 0
0 0 0 0 0 0 0
0 0 0 0 0 0 0
0 0 0 0 0 0 0
0 0 0 0 0 0 0
0 0 0 0 1 1 0
0 0 0 0 0 0 0
0 0 0 0 0 0 0
0 0 0 0 0 0 0
0 0 0 0 1 0 0
0 0 0 0 0 0 0
0 0 0 0 0 0 0
0 0 0 0 0 0 0
0 0 0 0 0 0 0
0 0 0 0 0 0 0
0 0 0 0 0 0 0
0 0 0 0 0 0 0
1 45 0 0 1 1 0
2 45 0 0 0 0 0
2 45 0 0 0 0 0
2 45 0 0 0 0 0
2 45 0 0 0 0 0
2 45 0 0 0 0 0
2 45 0 0 0 0 0
2 45 0 0 0 0 0
2 45 0 0 1 0 0
0 0 0 0 0 0 0
0 0 0 0 0 0 0
0 0 0 0 0 0 0
0 0 0 0 0 0 0
0 0 0 0 0 0 0
0 0 0 0 0 0 0
0 0 0 0 0 0 0
1 45 0 0 1 1 0
2 45 0 0 0 0 0
2 45 0 0 0 0 0
2 45 0 0 0 0 0
2 45 0 0 0 0 0
2 45 0 0 0 0 0
2 45 0 0 0 0 0
2 45 0 0 0 0 0
2 45 0 0 1 1 0
0 0 0 0 0 0 0
0 0 0 0 0 0 0
0 0 0 0 0 0 0
0 0 0 0 0 0 0
0 0 0 0 0 0 0
0 0 0 0 0 0 0
0 0 0 0 0 0 0
0 0 0 0 0 0 0
0 0 0 0 0 0 0
0 0 0 0 0 0 0
0 0 0 0 0 0 0
0 0 0 0 0 0 0
0 0 0 0 0 0 0
0 0 0 0 0 0 0
0 0 0 0 0 0 0
1 43 0 0 1 0 0
2 43 0 0 0 0 0
2 43 0 0 0 0 0
2 43 0 0 0 0 0
2 43 0 0 0 0 0
0 0 0 0 0 0 0
0 0 0 0 0 0 0
0 0 0 0 0 0 0
0 0 0 0 1 0 0
0 0 0 0 0 0 0
0 0 0 0 0 0 0
0 0 0 0 0 0 0
0 0 0 0 0 0 0
0 0 0 0 0 0 0
0 0 0 0 0 0 0
0 0 0 0 0 0 0
0 0 0 0 1 0 0
0 0 0 0 0 0 0
0 0 0 0 0 0 0
0 0 0 0 0 0 0
0 0 0 0 0 0 0
0 0 0 0 0 0 0
0 0 0 0 0 0 0
0 0 0 0 0 0 0
0 0 0 0 1 0 0
0 0 0 0 0 0 0
0 0 0 0 0 0 0
0 0 0 0 0 0 0
0 0 0 0 0 0 0
0 0 0 0 0 0 0
0 0 0 0 0 0 0
0 0 0 0 0 0 0
0 0 0 0 1 1 1
0 0 0 0 0 0 0
0 0 0 0 0 0 0
0 0 0 0 0 0 0
0 0 0 0 0 0 0
0 0 0 0 0 0 0
0 0 0 0 0 0 0
0 0 0 0 0 0 0
0 0 0 0 0 0 0
0 0 0 0 0 0 0
0 0 0 0 0 0 0
0 0 0 0 0 0 0
0 0 0 0 0 0 0
0 0 0 0 0 0 0
0 0 0 0 0 0 0
0 0 0 0 0 0 0
0 0 0 0 0 0 0
0 0 0 0 0 0 0
0 0 0 0 0 0 0
0 0 0 0 0 0 0
0 0 0 0 0 0 0
0 0 0 0 0 0 0
0 0 0 0 0 0 0
0 0 0 0 0 0 0
0 0 0 0 0 0 0
0 0 0 0 0 0 0
0 0 0 0 0 0 0
0 0 0 0 0 0 0
0 0 0 0 0 0 0
0 0 0 0 0 0 0
0 0 0 0 0 0 0
0 0 0 0 0 0 0
0 0 0 0 0 0 0
0 0 0 0 0 0 0
0 0 0 0 0 0 0
0 0 0 0 0 0 0
0 0 0 0 0 0 0
0 0 0 0 0 0 0
0 0 0 0 0 0 0
0 0 0 0 0 0 0
0 0 0 0 0 0 0
0 0 0 0 0 0 0
0 0 0 0 0 0 0
0 0 0 0 0 0 0
0 0 0 0 0 0 0
0 0 0 0 0 0 0
0 0 0 0 0 0 0
0 0 0 0 0 0 0
0 0 0 0 0 0 0
0 0 0 0 0 0 0
0 0 0 0 0 0 0
0 0 0 0 0 0 0
0 0 0 0 0 0 0
0 0 0 0 0 0 0
0 0 0 0 0 0 0
0 0 0 0 0 0 0
0 0 0 0 0 0 0
0 0 0 0 0 0 0
0 0 0 0 0 0 0
0 0 0 0 0 0 0
0 0 0 0 1 1 1
0 0 0 0 0 0 0
0 0 0 0 0 0 0
0 0 0 0 0 0 0
1 43 0 0 1 1 1
2 43 0 0 0 0 0
2 43 0 0 0 0 0
2 43 0 0 0 0 0
2 43 0 0 0 0 0
2 43 0 0 0 0 0
2 43 0 0 0 0 0
2 43 0 0 0 0 0
2 43 0 0 0 0 0
0 0 0 0 0 0 0
0 0 0 0 0 0 0
0 0 0 0 0 0 0
0 0 0 0 0 0 0
0 0 0 0 0 0 0
0 0 0 0 0 0 0
0 0 0 0 0 0 0
0 0 0 0 0 0 0
0 0 0 0 0 0 0
0 0 0 0 0 0 0
0 0 0 0 0 0 0
0 0 0 0 0 0 0
0 0 0 0 0 0 0
0 0 0 0 0 0 0
0 0 0 0 0 0 0
0 0 0 0 0 0 0
0 0 0 0 0 0 0
0 0 0 0 0 0 0
0 0 0 0 0 0 0
0 0 0 0 0 0 0
0 0 0 0 0 0 0
0 0 0 0 0 0 0
0 0 0 0 0 0 0
0 0 0 0 0 0 0
