1 43 0 0 0 0 0
2 43 0 0 0 0 0
2 43 0 0 0 0 0
2 43 0 0 0 0 0
2 43 0 0 0 0 0
0 0 0 0 0 0 0
0 0 0 0 0 0 0
0 0 0 0 0 0 0
0 0 0 0 0 0 0
0 0 0 0 0 0 0
0 0 0 0 0 0 0
0 0 0 0 0 0 0
0 0 0 0 0 0 0
0 0 0 0 0 0 0
0 0 0 0 0 0 0
0 0 0 0 0 0 0
0 0 0 0 0 0 0
0 0 0 0 0 0 0
0 0 0 0 0 0 0
0 0 0 0 0 0 0
0 0 0 0 0 0 0
0 0 0 0 0 0 0
0 0 0 0 0 0 0
0 0 0 0 0 0 0
0 0 0 0 0 0 0
0 0 0 0 0 0 0
0 0 0 0 0 0 0
0 0 0 0 0 0 0
0 0 0 0 0 0 0
0 0 0 0 0 0 0
0 0 0 0 0 0 0
0 0 0 0 0 0 0
1 53 0 0 0 0 0
2 53 0 0 0 0 0
2 53 0 0 0 0 0
0 0 0 0 0 0 0
0 0 0 0 0 0 0
0 0 0 0 0 0 0
0 0 0 0 0 0 0
0 0 0 0 0 0 0
0 0 0 0 0 0 0
0 0 0 0 0 0 0
0 0 0 0 0 0 0
0 0 0 0 0 0 0
0 0 0 0 0 0 0
0 0 0 0 0 0 0
1 53 0 0 0 0 0
2 53 0 0 0 0 0
0 0 0 0 0 0 0
0 0 0 0 0 0 0
0 0 0 0 0 0 0
0 0 0 0 0 0 0
1 64 0 0 0 0 0
2 64 0 0 0 0 0
2 64 0 0 0 0 0
0 0 0 0 0 0 0
1 58 0 0 0 0 0
2 58 0 0 0 0 0
0 0 0 0 0 0 0
0 0 0 0 0 0 0
0 0 0 0 0 0 0
0 0 0 0 0 0 0
1 58 0 0 0 0 0
2 58 0 0 0 0 0
1 40 0 0 0 0 0
2 40 0 0 0 0 0
2 40 0 0 0 0 0
0 0 0 0 0 0 0
0 0 0 0 0 0 0
0 0 0 0 0 0 0
0 0 0 0 0 0 0
0 0 0 0 0 0 0
0 0 0 0 0 0 0
0 0 0 0 0 0 0
0 0 0 0 0 0 0
0 0 0 0 0 0 0
0 0 0 0 0 0 0
0 0 0 0 0 0 0
0 0 0 0 0 0 0
0 0 0 0 0 0 0
0 0 0 0 0 0 0
0 0 0 0 0 0 0
0 0 0 0 0 0 0
0 0 0 0 0 0 0
0 0 0 0 0 0 0
0 0 0 0 0 0 0
0 0 0 0 0 0 0
0 0 0 0 0 0 0
1 62 0 0 0 0 0
2 62 0 0 0 0 0
2 62 0 0 0 0 0
1 58 0 0 0 0 0
2 58 0 0 0 0 0
0 0 0 0 0 0 0
0 0 0 0 0 0 0
0 0 0 0 0 0 0
1 53 0 0 0 0 0
2 53 0 0 0 0 0
2 53 0 0 0 0 0
1 53 0 0 0 0 0
2 53 0 0 0 0 0
0 0 0 0 0 0 0
0 0 0 0 0 0 0
0 0 0 0 0 0 0
1 48 0 0 0 0 0
2 48 0 0 0 0 0
2 48 0 0 0 0 0
0 0 0 0 0 0 0
0 0 0 0 0 0 0
0 0 0 0 0 0 0
0 0 0 0 0 0 0
0 0 0 0 0 0 0
0 0 0 0 0 0 0
0 0 0 0 0 0 0
0 0 0 0 0 0 0
0 0 0 0 0 0 0
1 41 0 0 0 0 0
2 41 0 0 0 0 0
2 41 0 0 0 0 0
2 41 0 0 0 0 0
2 41 0 0 0 1 0
0 0 0 0 0 0 0
0 0 0 0 0 0 0
0 0 0 0 0 0 0
1 41 0 0 0 0 0
2 41 0 0 0 0 0
2 41 0 0 0 0 0
2 41 0 0 0 0 0
2 41 1 0 0 1 0
0 0 0 0 0 0 0
0 0 0 0 0 0 0
0 0 0 0 0 0 0
0 0 0 0 0 0 1
0 0 0 0 0 0 0
0 0 0 0 0 0 0
0 0 0 0 0 0 0
0 0 0 0 1 0 1
0 0 0 0 0 0 0
0 0 0 0 0 0 0
0 0 0 0 0 0 0
0 0 0 0 0 0 1
0 0 0 0 0 0 0
0 0 0 0 0 0 0
0 0 0 0 0 0 0
0 0 0 0 0 0 1
0 0 0 0 0 0 0
0 0 0 0 0 0 0
0 0 0 0 0 0 0
0 0 1 0 0 0 1
0 0 0 0 0 0 0
0 0 0 0 0 0 0
0 0 0 0 0 0 0
0 0 0 0 1 0 1
0 0 0 0 0 0 0
0 0 1 0 0 0 0
0 0 0 0 0 0 0
0 0 0 0 0 0 1
0 0 0 0 0 0 0
0 0 1 0 0 0 0
0 0 0 0 0 0 0
1 53 1 0 0 0 1
2 53 0 0 0 0 0
2 53 0 0 0 0 0
0 0 0 0 0 0 0
0 0 0 0 0 0 1
0 0 0 0 0 0 0
0 0 0 0 0 0 0
0 0 0 0 0 0 0
0 0 0 0 1 0 1
0 0 0 0 0 0 0
0 0 0 0 0 0 0
0 0 0 0 0 0 0
0 0 0 0 0 0 1
0 0 0 0 0 0 0
0 0 0 0 0 0 0
0 0 0 0 0 0 0
0 0 0 0 0 0 1
0 0 0 0 0 0 0
0 0 0 0 0 0 0
0 0 0 0 0 0 0
1 64 1 0 0 0 1
2 64 0 0 0 0 0
2 64 0 0 0 0 0
0 0 0 0 0 0 0
1 62 0 0 1 0 1
2 62 0 0 0 0 0
2 62 1 0 0 0 0
0 0 0 0 0 0 0
0 0 0 0 0 0 1
0 0 0 0 0 0 0
0 0 1 0 0 0 0
0 0 0 0 0 0 0
1 40 1 0 0 0 1
2 40 0 0 0 0 0
2 40 0 0 0 0 0
0 0 0 0 0 0 0
0 0 0 0 0 0 1
0 0 0 0 0 0 0
0 0 0 0 0 0 0
0 0 0 0 0 0 0
0 0 0 0 1 0 1
0 0 0 0 0 0 0
0 0 0 0 0 0 0
0 0 0 0 0 0 0
0 0 0 0 0 0 1
0 0 0 0 0 0 0
0 0 0 0 0 0 0
0 0 0 0 0 0 0
0 0 0 0 0 0 1
0 0 0 0 0 0 0
0 0 0 0 0 0 0
0 0 0 0 0 0 0
0 0 1 0 0 0 1
0 0 0 0 0 0 0
0 0 0 0 0 0 0
0 0 0 0 0 0 0
0 0 0 0 1 0 1
0 0 0 0 0 0 0
0 0 1 0 0 0 0
0 0 0 0 0 0 0
0 0 0 0 0 0 1
0 0 0 0 0 0 0
0 0 1 0 0 0 0
0 0 0 0 0 0 0
1 53 1 0 0 0 1
2 53 0 0 0 0 0
2 53 0 0 0 0 0
0 0 0 0 0 0 0
0 0 0 0 0 0 1
0 0 0 0 0 0 0
0 0 0 0 0 0 0
0 0 0 0 0 0 0
0 0 0 0 1 0 1
0 0 0 0 0 0 0
0 0 0 0 0 0 0
0 0 0 0 0 0 0
0 0 0 0 0 0 1
0 0 0 0 0 0 0
0 0 0 0 0 0 0
0 0 0 0 0 0 0
0 0 0 0 0 0 1
0 0 0 0 0 0 0
0 0 0 0 0 0 0
0 0 0 0 0 0 0
1 64 1 0 0 0 1
2 64 0 0 0 0 0
2 64 0 0 0 0 0
0 0 0 0 0 0 0
1 58 0 0 1 0 1
2 58 0 0 0 0 0
2 58 1 0 0 0 0
0 0 0 0 0 0 0
0 0 0 0 0 0 1
0 0 0 0 0 0 0
0 0 1 0 0 0 0
0 0 0 0 0 0 0
0 0 1 0 0 1 0
0 0 0 0 0 0 0
0 0 0 0 0 0 0
0 0 0 0 0 0 0
0 0 0 0 0 0 1
0 0 0 0 0 0 0
0 0 0 0 0 0 0
0 0 0 0 0 0 0
0 0 0 0 1 0 1
0 0 0 0 0 0 0
0 0 0 0 0 0 0
0 0 0 0 0 0 0
0 0 0 0 0 0 1
0 0 0 0 0 0 0
0 0 0 0 0 0 0
0 0 0 0 0 0 0
0 0 0 0 0 0 1
0 0 0 0 0 0 0
0 0 0 0 0 0 0
0 0 0 0 0 0 0
0 0 1 0 0 0 1
0 0 0 0 0 0 0
0 0 0 0 0 0 0
0 0 0 0 0 0 0
0 0 0 0 1 0 1
0 0 0 0 0 0 0
0 0 1 0 0 0 0
0 0 0 0 0 0 0
0 0 0 0 0 0 1
0 0 0 0 0 0 0
0 0 1 0 0 0 0
0 0 0 0 0 0 0
1 53 1 0 0 0 1
2 53 0 0 0 0 0
2 53 0 0 0 0 0
0 0 0 0 0 0 0
0 0 0 0 0 0 1
0 0 0 0 0 0 0
0 0 0 0 0 0 0
0 0 0 0 0 0 0
0 0 0 0 1 0 1
0 0 0 0 0 0 0
0 0 0 0 0 0 0
0 0 0 0 0 0 0
0 0 0 0 0 0 1
0 0 0 0 0 0 0
0 0 0 0 0 0 0
0 0 0 0 0 0 0
0 0 0 0 0 0 1
0 0 0 0 0 0 0
0 0 0 0 0 0 0
0 0 0 0 0 0 0
1 64 1 0 0 0 1
2 64 0 0 0 0 0
2 64 0 0 0 0 0
0 0 0 0 0 0 0
1 62 0 0 1 0 1
2 62 0 0 0 0 0
2 62 1 0 0 0 0
0 0 0 0 0 0 0
0 0 0 0 0 0 1
0 0 0 0 0 0 0
0 0 1 0 0 0 0
0 0 0 0 0 0 0
1 40 1 0 0 0 1
2 40 0 0 0 0 0
2 40 0 0 0 0 0
0 0 0 0 0 0 0
0 0 0 0 0 0 1
0 0 0 0 0 0 0
0 0 0 0 0 0 0
0 0 0 0 0 0 0
0 0 0 0 1 0 1
0 0 0 0 0 0 0
0 0 0 0 0 0 0
0 0 0 0 0 0 0
0 0 0 0 0 0 1
0 0 0 0 0 0 0
0 0 0 0 0 0 0
0 0 0 0 0 0 0
0 0 0 0 0 0 1
0 0 0 0 0 0 0
0 0 0 0 0 0 0
0 0 0 0 0 0 0
0 0 1 0 0 0 1
0 0 0 0 0 0 0
0 0 0 0 0 0 0
0 0 0 0 0 0 0
0 0 0 0 1 0 1
0 0 0 0 0 0 0
0 0 1 0 0 0 0
0 0 0 0 0 0 0
0 0 0 0 0 0 1
0 0 0 0 0 0 0
0 0 1 0 0 0 0
0 0 0 0 0 0 0
1 53 1 0 0 0 1
2 53 0 0 0 0 0
2 53 0 0 0 0 0
0 0 0 0 0 0 0
0 0 0 0 0 0 1
0 0 0 0 0 0 0
0 0 0 0 0 0 0
0 0 0 0 0 0 0
0 0 0 0 1 0 1
0 0 0 0 0 0 0
0 0 0 0 0 0 0
0 0 0 0 0 0 0
0 0 0 0 0 0 1
0 0 0 0 0 0 0
0 0 0 0 0 0 0
0 0 0 0 0 0 0
0 0 0 0 0 0 1
0 0 0 0 0 0 0
0 0 0 0 0 0 0
0 0 0 0 0 0 0
1 64 1 0 0 0 1
2 64 0 0 0 0 0
2 64 0 0 0 0 0
0 0 0 0 0 0 0
0 0 0 0 1 0 1
0 0 0 0 0 0 0
0 0 1 0 0 0 0
0 0 0 0 0 0 0
0 0 0 0 0 0 1
0 0 0 0 0 0 0
0 0 1 0 0 0 0
0 0 0 0 0 0 0
1 40 1 0 0 0 1
2 40 0 0 0 0 0
2 40 0 0 0 0 0
0 0 0 0 0 0 0
0 0 0 0 0 0 1
0 0 0 0 0 0 0
0 0 0 0 0 0 0
0 0 0 0 0 0 0
0 0 0 0 1 0 1
0 0 0 0 0 0 0
0 0 0 0 0 0 0
0 0 0 0 0 0 0
0 0 0 0 0 0 1
0 0 0 0 0 0 0
0 0 0 0 0 0 0
0 0 0 0 0 0 0
0 0 0 0 0 0 1
0 0 0 0 0 0 0
0 0 0 0 0 0 0
0 0 0 0 0 0 0
0 0 1 0 0 0 1
0 0 0 0 0 0 0
0 0 0 0 0 0 0
0 0 0 0 0 0 0
0 0 0 0 1 0 1
0 0 0 0 0 0 0
0 0 1 0 0 0 0
0 0 0 0 0 0 0
0 0 0 0 0 0 1
0 0 0 0 0 0 0
0 0 1 0 0 0 0
0 0 0 0 0 0 0
1 53 1 0 0 0 1
2 53 0 0 0 0 0
2 53 0 0 0 0 0
0 0 0 0 0 0 0
0 0 0 0 0 0 1
0 0 0 0 0 0 0
0 0 0 0 0 0 0
0 0 0 0 0 0 0
0 0 0 0 1 0 1
0 0 0 0 0 0 0
0 0 0 0 0 0 0
0 0 0 0 0 0 0
0 0 0 0 0 0 1
0 0 0 0 0 0 0
0 0 0 0 0 0 0
0 0 0 0 0 0 0
0 0 0 0 0 0 1
0 0 0 0 0 0 0
0 0 0 0 0 0 0
0 0 0 0 0 0 0
1 69 1 0 0 0 1
2 69 0 0 0 0 0
2 69 0 0 0 0 0
0 0 0 0 0 0 0
0 0 0 0 1 0 1
0 0 0 0 0 0 0
0 0 1 0 0 0 0
0 0 0 0 0 0 0
0 0 0 0 0 0 1
0 0 0 0 0 0 0
0 0 1 0 0 0 0
0 0 0 0 0 0 0
0 0 1 0 0 0 1
0 0 0 0 0 0 0
0 0 0 0 0 0 0
0 0 0 0 0 0 0
0 0 0 0 0 0 1
0 0 0 0 0 0 0
0 0 0 0 0 0 0
0 0 0 0 0 0 0
0 0 0 0 1 0 1
0 0 0 0 0 0 0
0 0 0 0 0 0 0
0 0 0 0 0 0 0
0 0 0 0 0 0 1
0 0 0 0 0 0 0
0 0 0 0 0 0 0
0 0 0 0 0 0 0
0 0 0 0 0 0 1
0 0 0 0 0 0 0
0 0 0 0 0 0 0
0 0 0 0 0 0 0
0 0 1 0 0 0 1
0 0 0 0 0 0 0
0 0 0 0 0 0 0
0 0 0 0 0 0 0
0 0 0 0 1 0 1
0 0 0 0 0 0 0
0 0 1 0 0 0 0
0 0 0 0 0 0 0
0 0 0 0 0 0 1
0 0 0 0 0 0 0
0 0 1 0 0 0 0
0 0 0 0 0 0 0
1 53 1 0 0 0 1
2 53 0 0 0 0 0
2 53 0 0 0 0 0
0 0 0 0 0 0 0
0 0 0 0 0 0 1
0 0 0 0 0 0 0
0 0 0 0 0 0 0
0 0 0 0 0 0 0
0 0 0 0 1 0 1
0 0 0 0 0 0 0
0 0 0 0 0 0 0
0 0 0 0 0 0 0
0 0 0 0 0 0 1
0 0 0 0 0 0 0
0 0 0 0 0 0 0
0 0 0 0 0 0 0
0 0 0 0 0 0 1
0 0 0 0 0 0 0
0 0 0 0 0 0 0
0 0 0 0 0 0 0
0 0 1 0 0 0 1
0 0 0 0 0 0 0
0 0 0 0 0 0 0
0 0 0 0 0 0 0
0 0 0 0 1 0 1
0 0 0 0 0 0 0
0 0 1 0 0 0 0
0 0 0 0 0 0 0
0 0 0 0 0 0 1
0 0 0 0 0 0 0
0 0 1 0 0 0 0
0 0 0 0 0 0 0
0 0 1 0 0 1 0
0 0 0 0 0 0 0
0 0 0 0 0 0 0
0 0 0 0 0 0 0
0 0 0 0 0 0 1
0 0 0 0 0 0 0
0 0 0 0 0 0 0
0 0 0 0 0 0 0
0 0 0 0 1 0 1
0 0 0 0 0 0 0
0 0 0 0 0 0 0
0 0 0 0 0 0 0
0 0 0 0 0 0 1
0 0 0 0 0 0 0
0 0 0 0 0 0 0
0 0 0 0 0 0 0
0 0 0 0 0 0 1
0 0 0 0 0 0 0
0 0 0 0 0 0 0
0 0 0 0 0 0 0
0 0 1 0 0 0 1
0 0 0 0 0 0 0
0 0 0 0 0 0 0
0 0 0 0 0 0 0
1 62 0 0 1 0 1
2 62 0 0 0 0 0
2 62 1 0 0 0 0
1 58 0 0 0 0 0
2 58 0 0 0 0 1
0 0 0 0 0 0 0
0 0 1 0 0 0 0
0 0 0 0 0 0 0
1 53 1 0 0 0 1
2 53 0 0 0 0 0
2 53 0 0 0 0 0
1 53 0 0 0 0 0
2 53 0 0 0 0 1
0 0 0 0 0 0 0
0 0 0 0 0 0 0
0 0 0 0 0 0 0
1 48 0 0 1 0 1
2 48 0 0 0 0 0
2 48 0 0 0 0 0
0 0 0 0 0 0 0
0 0 0 0 0 0 1
0 0 0 0 0 0 0
0 0 0 0 0 0 0
0 0 0 0 0 0 0
0 0 0 0 0 0 1
0 0 0 0 0 0 0
0 0 0 0 0 0 0
0 0 0 0 0 0 0
1 64 1 0 0 0 1
2 64 0 0 0 0 0
2 64 0 0 0 0 0
0 0 0 0 0 0 0
0 0 0 0 1 0 1
0 0 0 0 0 0 0
0 0 1 0 0 0 0
0 0 0 0 0 0 0
0 0 0 0 0 0 1
0 0 0 0 0 0 0
0 0 1 0 0 0 0
0 0 0 0 0 0 0
1 40 1 0 0 0 1
2 40 0 0 0 0 0
2 40 0 0 0 0 0
0 0 0 0 0 0 0
0 0 0 0 0 0 1
0 0 0 0 0 0 0
0 0 0 0 0 0 0
0 0 0 0 0 0 0
0 0 0 0 1 0 1
0 0 0 0 0 0 0
0 0 0 0 0 0 0
0 0 0 0 0 0 0
0 0 0 0 0 0 1
0 0 0 0 0 0 0
0 0 0 0 0 0 0
0 0 0 0 0 0 0
0 0 0 0 0 0 1
0 0 0 0 0 0 0
0 0 0 0 0 0 0
0 0 0 0 0 0 0
0 0 1 0 0 0 1
0 0 0 0 0 0 0
0 0 0 0 0 0 0
0 0 0 0 0 0 0
0 0 0 0 1 0 1
0 0 0 0 0 0 0
0 0 1 0 0 0 0
0 0 0 0 0 0 0
0 0 0 0 0 0 1
0 0 0 0 0 0 0
0 0 1 0 0 0 0
0 0 0 0 0 0 0
1 53 1 0 0 0 1
2 53 0 0 0 0 0
2 53 0 0 0 0 0
0 0 0 0 0 0 0
0 0 0 0 0 0 1
0 0 0 0 0 0 0
0 0 0 0 0 0 0
0 0 0 0 0 0 0
0 0 0 0 1 0 1
0 0 0 0 0 0 0
0 0 0 0 0 0 0
0 0 0 0 0 0 0
0 0 0 0 0 0 1
0 0 0 0 0 0 0
0 0 0 0 0 0 0
0 0 0 0 0 0 0
0 0 0 0 0 0 1
0 0 0 0 0 0 0
0 0 0 0 0 0 0
0 0 0 0 0 0 0
1 64 1 0 0 0 1
2 64 0 0 0 0 0
2 64 0 0 0 0 0
0 0 0 0 0 0 0
1 62 0 0 1 0 1
2 62 0 0 0 0 0
2 62 1 0 0 0 0
0 0 0 0 0 0 0
0 0 0 0 0 0 1
0 0 0 0 0 0 0
0 0 1 0 0 0 0
0 0 0 0 0 0 0
1 40 1 0 0 1 0
2 40 0 0 0 0 0
2 40 0 0 0 0 0
0 0 0 0 0 0 0
0 0 0 0 0 0 1
0 0 0 0 0 0 0
0 0 0 0 0 0 0
0 0 0 0 0 0 0
0 0 0 0 1 0 1
0 0 0 0 0 0 0
0 0 0 0 0 0 0
0 0 0 0 0 0 0
0 0 0 0 0 0 1
0 0 0 0 0 0 0
0 0 0 0 0 0 0
0 0 0 0 0 0 0
0 0 0 0 0 0 1
0 0 0 0 0 0 0
0 0 0 0 0 0 0
0 0 0 0 0 0 0
0 0 1 0 0 0 1
0 0 0 0 0 0 0
0 0 0 0 0 0 0
0 0 0 0 0 0 0
0 0 0 0 1 0 1
0 0 0 0 0 0 0
0 0 1 0 0 0 0
0 0 0 0 0 0 0
0 0 0 0 0 0 1
0 0 0 0 0 0 0
0 0 1 0 0 0 0
0 0 0 0 0 0 0
1 53 1 0 0 0 1
2 53 0 0 0 0 0
2 53 0 0 0 0 0
0 0 0 0 0 0 0
0 0 0 0 0 0 1
0 0 0 0 0 0 0
0 0 0 0 0 0 0
0 0 0 0 0 0 0
0 0 0 0 1 0 1
0 0 0 0 0 0 0
0 0 0 0 0 0 0
0 0 0 0 0 0 0
0 0 0 0 0 0 1
0 0 0 0 0 0 0
0 0 0 0 0 0 0
0 0 0 0 0 0 0
0 0 0 0 0 0 1
0 0 0 0 0 0 0
0 0 0 0 0 0 0
0 0 0 0 0 0 0
1 69 1 0 0 0 1
2 69 0 0 0 0 0
2 69 0 0 0 0 0
0 0 0 0 0 0 0
1 67 0 0 1 0 1
2 67 0 0 0 0 0
2 67 1 0 0 0 0
2 67 0 0 0 0 0
2 67 0 0 0 0 1
2 67 0 0 0 0 0
2 67 1 0 0 0 0
2 67 0 0 0 0 0
2 67 1 0 0 0 1
0 0 0 0 0 0 0
0 0 0 0 0 0 0
0 0 0 0 0 0 0
0 0 0 0 0 0 1
0 0 0 0 0 0 0
0 0 0 0 0 0 0
0 0 0 0 0 0 0
0 0 0 0 1 0 1
0 0 0 0 0 0 0
0 0 0 0 0 0 0
0 0 0 0 0 0 0
0 0 0 0 0 0 1
0 0 0 0 0 0 0
0 0 0 0 0 0 0
0 0 0 0 0 0 0
0 0 0 0 0 0 1
0 0 0 0 0 0 0
0 0 0 0 0 0 0
0 0 0 0 0 0 0
0 0 1 0 0 0 1
0 0 0 0 0 0 0
0 0 0 0 0 0 0
0 0 0 0 0 0 0
0 0 0 0 1 0 1
0 0 0 0 0 0 0
0 0 1 0 0 0 0
0 0 0 0 0 0 0
0 0 0 0 0 0 1
0 0 0 0 0 0 0
0 0 1 0 0 0 0
0 0 0 0 0 0 0
1 40 1 0 0 0 1
2 40 0 0 0 0 0
2 40 0 0 0 0 0
0 0 0 0 0 0 0
0 0 0 0 0 0 1
0 0 0 0 0 0 0
0 0 1 0 0 0 0
0 0 0 0 0 0 0
0 0 0 0 1 0 1
0 0 0 0 0 0 0
0 0 0 0 0 0 0
0 0 0 0 0 0 0
0 0 1 0 0 0 1
0 0 0 0 0 0 0
0 0 0 0 0 0 0
0 0 0 0 0 0 0
0 0 1 0 0 0 1
0 0 0 0 0 0 0
0 0 0 0 0 0 0
0 0 0 0 0 0 0
1 64 1 0 0 0 1
2 64 0 0 0 0 0
2 64 0 0 0 0 0
0 0 0 0 0 0 0
1 62 0 0 1 0 0
2 62 0 0 0 0 0
2 62 0 0 1 0 0
0 0 0 0 0 0 0
0 0 1 0 0 0 1
0 0 0 0 0 0 0
0 0 0 0 0 0 0
0 0 0 0 0 0 0
1 57 1 0 0 1 0
2 57 0 0 0 0 0
2 57 0 0 0 0 0
2 57 0 0 0 0 0
2 57 0 0 0 0 1
0 0 0 0 0 0 0
0 0 0 0 0 0 0
0 0 0 0 0 0 0
0 0 0 0 1 0 1
0 0 0 0 0 0 0
0 0 0 0 0 0 0
0 0 0 0 0 0 0
1 60 0 0 0 0 1
2 60 0 0 0 0 0
2 60 0 0 0 0 0
2 60 0 0 0 0 0
2 60 1 0 0 0 1
0 0 0 0 0 0 0
0 0 0 0 0 0 0
0 0 0 0 0 0 0
1 67 0 0 0 0 1
2 67 0 0 0 0 0
2 67 0 0 0 0 0
0 0 0 0 0 0 0
1 67 0 0 1 0 1
2 67 0 0 0 0 0
2 67 0 0 0 0 0
0 0 0 0 0 0 0
0 0 0 0 0 0 1
0 0 0 0 0 0 0
0 0 0 0 0 0 0
0 0 0 0 0 0 0
0 0 1 0 0 0 1
0 0 0 0 0 0 0
0 0 0 0 0 0 0
0 0 0 0 0 0 0
1 63 0 0 0 0 1
2 63 0 0 0 0 0
2 63 0 0 0 0 0
0 0 0 0 0 0 0
1 63 0 0 1 0 1
2 63 0 0 0 0 0
2 63 0 0 0 0 0
1 60 0 0 0 0 0
2 60 0 0 0 0 1
0 0 0 0 0 0 0
0 0 0 0 0 0 0
0 0 0 0 0 0 0
0 0 1 0 0 0 1
0 0 0 0 0 0 0
0 0 0 0 0 0 0
0 0 0 0 0 0 0
1 56 0 0 0 0 1
2 56 0 0 0 0 0
2 56 0 0 0 0 0
2 56 0 0 0 0 0
2 56 0 0 1 0 1
2 56 0 0 0 0 0
2 56 0 0 0 0 0
2 56 0 0 0 0 0
2 56 0 0 0 0 1
0 0 0 0 0 0 0
0 0 0 0 0 0 0
0 0 0 0 0 0 0
1 57 1 0 0 0 1
2 57 0 0 0 0 0
2 57 0 0 0 0 0
2 57 0 0 0 0 0
2 57 0 0 0 0 1
0 0 0 0 0 0 0
0 0 0 0 0 0 0
0 0 0 0 0 0 0
0 0 0 0 1 0 1
0 0 0 0 0 0 0
0 0 0 0 0 0 0
0 0 0 0 0 0 0
1 60 0 0 0 0 1
2 60 0 0 0 0 0
2 60 0 0 0 0 0
2 60 0 0 0 0 0
2 60 1 0 0 0 1
0 0 0 0 0 0 0
0 0 0 0 0 0 0
0 0 0 0 0 0 0
1 67 0 0 0 0 1
2 67 0 0 0 0 0
2 67 0 0 0 0 0
0 0 0 0 0 0 0
1 67 0 0 1 0 1
2 67 0 0 0 0 0
2 67 0 0 0 0 0
0 0 0 0 0 0 0
0 0 0 0 0 0 1
0 0 0 0 0 0 0
0 0 0 0 0 0 0
0 0 0 0 0 0 0
0 0 1 0 0 0 1
0 0 0 0 0 0 0
0 0 0 0 0 0 0
0 0 0 0 0 0 0
1 63 0 0 0 0 1
2 63 0 0 0 0 0
2 63 0 0 0 0 0
0 0 0 0 0 0 0
1 63 0 0 1 0 1
2 63 0 0 0 0 0
2 63 0 0 0 0 0
1 60 0 0 0 0 0
2 60 0 0 0 0 1
0 0 0 0 0 0 0
0 0 0 0 0 0 0
0 0 0 0 0 0 0
0 0 1 0 0 0 1
0 0 0 0 0 0 0
0 0 0 0 0 0 0
0 0 0 0 0 0 0
1 56 0 0 0 0 1
2 56 0 0 0 0 0
2 56 0 0 0 0 0
2 56 0 0 0 0 0
2 56 0 0 1 0 1
2 56 0 0 0 0 0
2 56 0 0 0 0 0
2 56 0 0 0 0 0
2 56 0 0 0 0 1
0 0 0 0 0 0 0
0 0 0 0 0 0 0
0 0 0 0 0 0 0
1 57 1 0 0 1 0
2 57 0 0 0 0 0
2 57 0 0 0 0 0
2 57 0 0 0 0 0
2 57 0 0 0 0 1
0 0 0 0 0 0 0
0 0 0 0 0 0 0
0 0 0 0 0 0 0
0 0 0 0 1 0 1
0 0 0 0 0 0 0
0 0 0 0 0 0 0
0 0 0 0 0 0 0
1 60 0 0 0 0 1
2 60 0 0 0 0 0
2 60 0 0 0 0 0
2 60 0 0 0 0 0
2 60 1 0 0 0 1
0 0 0 0 0 0 0
0 0 0 0 0 0 0
0 0 0 0 0 0 0
1 67 0 0 0 0 1
2 67 0 0 0 0 0
2 67 0 0 0 0 0
0 0 0 0 0 0 0
1 67 0 0 1 0 1
2 67 0 0 0 0 0
2 67 0 0 0 0 0
0 0 0 0 0 0 0
0 0 0 0 0 0 1
0 0 0 0 0 0 0
0 0 0 0 0 0 0
0 0 0 0 0 0 0
0 0 1 0 0 0 1
0 0 0 0 0 0 0
0 0 0 0 0 0 0
0 0 0 0 0 0 0
1 63 0 0 0 0 1
2 63 0 0 0 0 0
2 63 0 0 0 0 0
0 0 0 0 0 0 0
1 63 0 0 1 0 1
2 63 0 0 0 0 0
2 63 0 0 0 0 0
1 60 0 0 0 0 0
2 60 0 0 0 0 1
0 0 0 0 0 0 0
0 0 0 0 0 0 0
0 0 0 0 0 0 0
0 0 1 0 0 0 1
0 0 0 0 0 0 0
0 0 0 0 0 0 0
0 0 0 0 0 0 0
1 56 0 0 0 0 1
2 56 0 0 0 0 0
2 56 0 0 0 0 0
2 56 0 0 0 0 0
2 56 0 0 1 0 1
2 56 0 0 0 0 0
2 56 0 0 0 0 0
2 56 0 0 0 0 0
2 56 0 0 0 0 1
0 0 0 0 0 0 0
0 0 0 0 0 0 0
0 0 0 0 0 0 0
1 57 1 0 0 0 1
2 57 0 0 0 0 0
2 57 0 0 0 0 0
2 57 0 0 0 0 0
2 57 0 0 0 0 1
0 0 0 0 0 0 0
0 0 0 0 0 0 0
0 0 0 0 0 0 0
0 0 0 0 1 0 1
0 0 0 0 0 0 0
0 0 0 0 0 0 0
0 0 0 0 0 0 0
1 60 0 0 0 0 1
2 60 0 0 0 0 0
2 60 0 0 0 0 0
2 60 0 0 0 0 0
2 60 1 0 0 0 1
0 0 0 0 0 0 0
0 0 0 0 0 0 0
0 0 0 0 0 0 0
1 67 0 0 0 0 1
2 67 0 0 0 0 0
2 67 0 0 0 0 0
0 0 0 0 0 0 0
1 67 0 0 1 0 1
2 67 0 0 0 0 0
2 67 0 0 0 0 0
0 0 0 0 0 0 0
0 0 0 0 0 0 1
0 0 0 0 0 0 0
0 0 0 0 0 0 0
0 0 0 0 0 0 0
0 0 1 0 0 0 1
0 0 0 0 0 0 0
1 50 0 0 1 0 0
2 50 0 0 0 0 0
2 50 0 0 0 0 1
2 50 0 0 0 0 0
2 50 1 0 0 0 0
2 50 0 0 0 0 0
2 50 0 0 1 0 1
0 0 0 0 0 0 0
0 0 1 0 0 0 0
0 0 0 0 0 0 0
0 0 0 0 0 0 1
0 0 0 0 0 0 0
0 0 0 0 1 0 0
0 0 0 0 0 0 0
0 0 0 0 0 0 1
0 0 0 0 0 0 0
0 0 0 0 1 0 0
0 0 0 0 1 0 0
0 0 0 0 1 0 0
0 0 0 0 0 0 0
0 0 0 1 0 0 0
0 0 0 0 0 0 0
0 0 0 0 0 0 0
0 0 0 0 0 0 0
0 0 0 1 0 0 0
0 0 0 0 0 0 0
0 0 0 1 0 0 0
0 0 0 0 0 0 0
0 0 0 0 0 0 0
0 0 0 0 0 0 0
0 0 0 1 0 0 0
0 0 0 0 0 0 0
0 0 0 0 0 0 0
0 0 0 0 0 0 0
0 0 0 0 0 0 0
0 0 0 0 0 0 0
0 0 0 0 0 0 0
0 0 0 0 0 0 0
0 0 0 0 1 0 0
0 0 0 0 0 0 0
0 0 0 0 0 0 0
0 0 0 0 0 0 0
0 0 0 0 0 0 0
0 0 0 0 0 0 0
0 0 0 0 0 0 0
0 0 0 0 0 0 0
1 43 1 0 0 1 0
2 43 0 0 0 0 0
2 43 0 0 0 0 0
2 43 0 0 0 0 0
2 43 0 0 0 0 1
0 0 0 0 0 0 0
0 0 0 0 0 0 0
0 0 0 0 0 0 0
0 0 0 0 1 0 1
0 0 0 0 0 0 0
0 0 0 0 0 0 0
0 0 0 0 0 0 0
0 0 0 0 0 0 1
0 0 0 0 0 0 0
0 0 0 0 0 0 0
0 0 0 0 0 0 0
0 0 0 0 0 0 1
0 0 0 0 0 0 0
0 0 0 0 0 0 0
0 0 0 0 0 0 0
0 0 1 0 0 0 1
0 0 0 0 0 0 0
0 0 0 0 0 0 0
0 0 0 0 0 0 0
0 0 0 0 1 0 1
0 0 0 0 0 0 0
0 0 1 0 0 0 0
0 0 0 0 0 0 0
0 0 0 0 0 0 1
0 0 0 0 0 0 0
0 0 1 0 0 0 0
0 0 0 0 0 0 0
1 53 1 0 0 0 1
2 53 0 0 0 0 0
2 53 0 0 0 0 0
0 0 0 0 0 0 0
0 0 0 0 0 0 1
0 0 0 0 0 0 0
0 0 0 0 0 0 0
0 0 0 0 0 0 0
0 0 0 0 1 0 1
0 0 0 0 0 0 0
0 0 0 0 0 0 0
0 0 0 0 0 0 0
0 0 0 0 0 0 1
0 0 0 0 0 0 0
0 0 0 0 0 0 0
0 0 0 0 0 0 0
0 0 0 0 0 0 1
0 0 0 0 0 0 0
0 0 0 0 0 0 0
0 0 0 0 0 0 0
1 64 1 0 0 0 1
2 64 0 0 0 0 0
2 64 0 0 0 0 0
0 0 0 0 0 0 0
0 0 0 0 1 0 1
0 0 0 0 0 0 0
0 0 1 0 0 0 0
0 0 0 0 0 0 0
0 0 0 0 0 0 1
0 0 0 0 0 0 0
0 0 1 0 0 0 0
0 0 0 0 0 0 0
1 40 1 0 0 0 1
2 40 0 0 0 0 0
2 40 0 0 0 0 0
0 0 0 0 0 0 0
0 0 0 0 0 0 1
0 0 0 0 0 0 0
0 0 0 0 0 0 0
0 0 0 0 0 0 0
0 0 0 0 1 0 1
0 0 0 0 0 0 0
0 0 0 0 0 0 0
0 0 0 0 0 0 0
0 0 0 0 0 0 1
0 0 0 0 0 0 0
0 0 0 0 0 0 0
0 0 0 0 0 0 0
0 0 0 0 0 0 1
0 0 0 0 0 0 0
0 0 0 0 0 0 0
0 0 0 0 0 0 0
0 0 1 0 0 0 1
0 0 0 0 0 0 0
0 0 0 0 0 0 0
0 0 0 0 0 0 0
0 0 0 0 1 0 1
0 0 0 0 0 0 0
0 0 1 0 0 0 0
0 0 0 0 0 0 0
0 0 0 0 0 0 1
0 0 0 0 0 0 0
0 0 1 0 0 0 0
0 0 0 0 0 0 0
1 53 1 0 0 0 1
2 53 0 0 0 0 0
2 53 0 0 0 0 0
0 0 0 0 0 0 0
0 0 0 0 0 0 1
0 0 0 0 0 0 0
0 0 0 0 0 0 0
0 0 0 0 0 0 0
0 0 0 0 1 0 1
0 0 0 0 0 0 0
0 0 0 0 0 0 0
0 0 0 0 0 0 0
0 0 0 0 0 0 1
0 0 0 0 0 0 0
0 0 0 0 0 0 0
0 0 0 0 0 0 0
0 0 0 0 0 0 1
0 0 0 0 0 0 0
0 0 0 0 0 0 0
0 0 0 0 0 0 0
1 64 1 0 0 0 1
2 64 0 0 0 0 0
2 64 0 0 0 0 0
0 0 0 0 0 0 0
1 58 0 0 1 0 1
2 58 0 0 0 0 0
0 0 1 0 0 0 0
0 0 0 0 0 0 0
0 0 0 0 0 0 1
0 0 0 0 0 0 0
1 58 1 0 0 0 0
2 58 0 0 0 0 0
1 40 1 0 0 0 1
2 40 0 0 0 0 0
2 40 0 0 0 0 0
0 0 0 0 0 0 0
0 0 0 0 0 0 1
0 0 0 0 0 0 0
0 0 0 0 0 0 0
0 0 0 0 0 0 0
0 0 0 0 1 0 1
0 0 0 0 0 0 0
0 0 0 0 0 0 0
0 0 0 0 0 0 0
0 0 0 0 0 0 1
0 0 0 0 0 0 0
0 0 0 0 0 0 0
0 0 0 0 0 0 0
0 0 0 0 0 0 1
0 0 0 0 0 0 0
0 0 0 0 0 0 0
0 0 0 0 0 0 0
0 0 1 0 0 0 1
0 0 0 0 0 0 0
0 0 0 0 0 0 0
0 0 0 0 0 0 0
0 0 0 0 1 0 1
0 0 0 0 0 0 0
0 0 1 0 0 0 0
0 0 0 0 0 0 0
0 0 0 0 0 0 1
0 0 0 0 0 0 0
0 0 1 0 0 0 0
0 0 0 0 0 0 0
1 53 1 0 0 0 1
2 53 0 0 0 0 0
2 53 0 0 0 0 0
0 0 0 0 0 0 0
0 0 0 0 0 0 1
0 0 0 0 0 0 0
0 0 0 0 0 0 0
0 0 0 0 0 0 0
0 0 0 0 1 0 1
0 0 0 0 0 0 0
0 0 0 0 0 0 0
0 0 0 0 0 0 0
0 0 0 0 0 0 1
0 0 0 0 0 0 0
0 0 0 0 0 0 0
0 0 0 0 0 0 0
0 0 0 0 0 0 1
0 0 0 0 0 0 0
0 0 0 0 0 0 0
0 0 0 0 0 0 0
1 69 1 0 0 0 1
2 69 0 0 0 0 0
2 69 0 0 0 0 0
0 0 0 0 0 0 0
1 67 0 0 1 0 1
2 67 0 0 0 0 0
2 67 1 0 0 0 0
2 67 0 0 0 0 0
2 67 0 0 0 0 1
2 67 0 0 0 0 0
2 67 1 0 0 0 0
2 67 0 0 0 0 0
2 67 1 0 0 0 1
0 0 0 0 0 0 0
0 0 0 0 0 0 0
0 0 0 0 0 0 0
0 0 0 0 0 0 1
0 0 0 0 0 0 0
0 0 0 0 0 0 0
0 0 0 0 0 0 0
0 0 0 0 1 0 1
0 0 0 0 0 0 0
0 0 0 0 0 0 0
0 0 0 0 0 0 0
0 0 0 0 0 0 1
0 0 0 0 0 0 0
0 0 0 0 0 0 0
0 0 0 0 0 0 0
0 0 0 0 0 0 1
0 0 0 0 0 0 0
0 0 0 0 0 0 0
0 0 0 0 0 0 0
0 0 1 0 0 0 1
0 0 0 0 0 0 0
0 0 0 0 0 0 0
0 0 0 0 0 0 0
0 0 0 0 1 0 1
0 0 0 0 0 0 0
0 0 1 0 0 0 0
0 0 0 0 0 0 0
0 0 0 0 0 0 1
0 0 0 0 0 0 0
0 0 1 0 0 0 0
0 0 0 0 0 0 0
1 53 1 0 0 0 1
2 53 0 0 0 0 0
2 53 0 0 0 0 0
0 0 0 0 0 0 0
0 0 0 0 0 0 1
0 0 0 0 0 0 0
0 0 0 0 0 0 0
0 0 0 0 0 0 0
0 0 0 0 1 0 1
0 0 0 0 0 0 0
0 0 0 0 0 0 0
0 0 0 0 0 0 0
0 0 0 0 0 0 1
0 0 0 0 0 0 0
0 0 0 0 0 0 0
0 0 0 0 0 0 0
0 0 0 0 0 0 1
0 0 0 0 0 0 0
0 0 0 0 0 0 0
0 0 0 0 0 0 0
0 0 1 0 0 0 1
0 0 0 0 0 0 0
0 0 0 0 0 0 0
0 0 0 0 0 0 0
0 0 0 0 1 0 1
0 0 0 0 0 0 0
0 0 1 0 0 0 0
0 0 0 0 0 0 0
0 0 0 0 0 0 1
0 0 0 0 0 0 0
0 0 1 0 0 0 0
0 0 0 0 0 0 0
0 0 1 0 0 1 0
0 0 0 0 0 0 0
0 0 0 0 0 0 0
0 0 0 0 0 0 0
0 0 0 0 0 0 1
0 0 0 0 0 0 0
0 0 0 0 0 0 0
0 0 0 0 0 0 0
0 0 0 0 1 0 1
0 0 0 0 0 0 0
0 0 0 0 0 0 0
0 0 0 0 0 0 0
0 0 0 0 0 0 1
0 0 0 0 0 0 0
0 0 0 0 0 0 0
0 0 0 0 0 0 0
0 0 0 0 0 0 1
0 0 0 0 0 0 0
0 0 0 0 0 0 0
0 0 0 0 0 0 0
0 0 1 0 0 0 1
0 0 0 0 0 0 0
0 0 0 0 0 0 0
0 0 0 0 0 0 0
1 62 0 0 1 0 1
2 62 0 0 0 0 0
2 62 1 0 0 0 0
1 58 0 0 0 0 0
2 58 0 0 0 0 1
0 0 0 0 0 0 0
0 0 1 0 0 0 0
0 0 0 0 0 0 0
1 53 1 0 0 0 1
2 53 0 0 0 0 0
2 53 0 0 0 0 0
1 53 0 0 0 0 0
2 53 0 0 0 0 1
0 0 0 0 0 0 0
0 0 0 0 0 0 0
0 0 0 0 0 0 0
1 48 0 0 1 0 1
2 48 0 0 0 0 0
2 48 0 0 0 0 0
0 0 0 0 0 0 0
0 0 0 0 0 0 1
0 0 0 0 0 0 0
0 0 0 0 0 0 0
0 0 0 0 0 0 0
0 0 0 0 0 0 1
0 0 0 0 0 0 0
0 0 0 0 0 0 0
0 0 0 0 0 0 0
1 64 1 0 0 0 1
2 64 0 0 0 0 0
2 64 0 0 0 0 0
0 0 0 0 0 0 0
0 0 0 0 1 0 1
0 0 0 0 0 0 0
0 0 1 0 0 0 0
0 0 0 0 0 0 0
0 0 0 0 0 0 1
0 0 0 0 0 0 0
0 0 1 0 0 0 0
0 0 0 0 0 0 0
1 40 1 0 0 0 1
2 40 0 0 0 0 0
2 40 0 0 0 0 0
0 0 0 0 0 0 0
0 0 0 0 0 0 1
0 0 0 0 0 0 0
0 0 0 0 0 0 0
0 0 0 0 0 0 0
0 0 0 0 1 0 1
0 0 0 0 0 0 0
0 0 0 0 0 0 0
0 0 0 0 0 0 0
0 0 0 0 0 0 1
0 0 0 0 0 0 0
0 0 0 0 0 0 0
0 0 0 0 0 0 0
0 0 0 0 0 0 1
0 0 0 0 0 0 0
0 0 0 0 0 0 0
0 0 0 0 0 0 0
0 0 1 0 0 0 1
0 0 0 0 0 0 0
0 0 0 0 0 0 0
0 0 0 0 0 0 0
0 0 0 0 1 0 1
0 0 0 0 0 0 0
0 0 1 0 0 0 0
0 0 0 0 0 0 0
0 0 0 0 0 0 1
0 0 0 0 0 0 0
0 0 1 0 0 0 0
0 0 0 0 0 0 0
1 53 1 0 0 0 1
2 53 0 0 0 0 0
2 53 0 0 0 0 0
0 0 0 0 0 0 0
0 0 0 0 0 0 1
0 0 0 0 0 0 0
0 0 0 0 0 0 0
0 0 0 0 0 0 0
0 0 0 0 1 0 1
0 0 0 0 0 0 0
0 0 0 0 0 0 0
0 0 0 0 0 0 0
0 0 0 0 0 0 1
0 0 0 0 0 0 0
0 0 0 0 0 0 0
0 0 0 0 0 0 0
0 0 0 0 0 0 1
0 0 0 0 0 0 0
0 0 0 0 0 0 0
0 0 0 0 0 0 0
1 64 1 0 0 0 1
2 64 0 0 0 0 0
2 64 0 0 0 0 0
0 0 0 0 0 0 0
0 0 0 0 1 0 1
0 0 0 0 0 0 0
0 0 1 0 0 0 0
0 0 0 0 0 0 0
0 0 0 0 0 0 1
0 0 0 0 0 0 0
0 0 1 0 0 0 0
0 0 0 0 0 0 0
1 53 1 0 0 1 0
2 53 0 0 0 0 0
2 53 0 0 0 0 0
1 55 0 0 0 0 0
2 55 0 0 0 0 1
0 0 0 0 0 0 0
0 0 0 0 0 0 0
0 0 0 0 0 0 0
0 0 0 0 1 0 1
0 0 0 0 0 0 0
0 0 0 0 0 0 0
0 0 0 0 0 0 0
0 0 0 0 0 0 1
0 0 0 0 0 0 0
0 0 0 0 0 0 0
0 0 0 0 0 0 0
0 0 0 0 0 0 1
0 0 0 0 0 0 0
0 0 0 0 0 0 0
0 0 0 0 0 0 0
0 0 1 0 0 0 1
0 0 0 0 0 0 0
0 0 0 0 0 0 0
0 0 0 0 0 0 0
0 0 0 0 1 0 1
0 0 0 0 0 0 0
0 0 1 0 0 0 0
0 0 0 0 0 0 0
0 0 0 0 0 0 1
0 0 0 0 0 0 0
0 0 1 0 0 0 0
0 0 0 0 0 0 0
1 40 1 0 0 0 1
2 40 0 0 0 0 0
2 40 0 0 0 0 0
0 0 0 0 0 0 0
0 0 0 0 0 0 1
0 0 0 0 0 0 0
0 0 0 0 0 0 0
0 0 0 0 0 0 0
0 0 0 0 1 0 1
0 0 0 0 0 0 0
0 0 0 0 0 0 0
0 0 0 0 0 0 0
0 0 0 0 0 0 1
0 0 0 0 0 0 0
0 0 0 0 0 0 0
0 0 0 0 0 0 0
0 0 0 0 0 0 1
0 0 0 0 0 0 0
0 0 0 0 0 0 0
0 0 0 0 0 0 0
1 69 1 0 0 0 1
2 69 0 0 0 0 0
2 69 0 0 0 0 0
0 0 0 0 0 0 0
0 0 0 0 1 0 1
0 0 0 0 0 0 0
0 0 1 0 0 0 0
0 0 0 0 0 0 0
0 0 0 0 0 0 1
0 0 0 0 0 0 0
0 0 1 0 0 0 0
0 0 0 0 0 0 0
0 0 1 0 0 0 1
0 0 0 0 0 0 0
0 0 0 0 0 0 0
0 0 0 0 0 0 0
0 0 0 0 0 0 1
0 0 0 0 0 0 0
0 0 0 0 0 0 0
0 0 0 0 0 0 0
0 0 0 0 1 0 1
0 0 0 0 0 0 0
0 0 0 0 0 0 0
0 0 0 0 0 0 0
0 0 0 0 0 0 1
0 0 0 0 0 0 0
0 0 0 0 0 0 0
0 0 0 0 0 0 0
0 0 0 0 0 0 1
0 0 0 0 0 0 0
0 0 0 0 0 0 0
0 0 0 0 0 0 0
0 0 1 0 0 0 1
0 0 0 0 0 0 0
0 0 0 0 0 0 0
0 0 0 0 0 0 0
0 0 0 0 1 0 1
0 0 0 0 0 0 0
0 0 1 0 0 0 0
0 0 0 0 0 0 0
0 0 0 0 0 0 1
0 0 0 0 0 0 0
0 0 1 0 0 0 0
0 0 0 0 0 0 0
1 40 1 0 0 0 1
2 40 0 0 0 0 0
2 40 0 0 0 0 0
0 0 0 0 0 0 0
0 0 0 0 0 0 1
0 0 0 0 0 0 0
0 0 1 0 0 0 0
0 0 0 0 0 0 0
0 0 0 0 1 0 1
0 0 0 0 0 0 0
0 0 0 0 0 0 0
0 0 0 0 0 0 0
0 0 1 0 0 0 1
0 0 0 0 0 0 0
0 0 0 0 0 0 0
0 0 0 0 0 0 0
0 0 1 0 0 0 1
0 0 0 0 0 0 0
0 0 0 0 0 0 0
0 0 0 0 0 0 0
1 64 1 0 0 0 1
2 64 0 0 0 0 0
2 64 0 0 0 0 0
0 0 0 0 0 0 0
0 0 0 0 1 0 0
0 0 0 0 0 0 0
0 0 0 0 1 0 0
0 0 0 0 0 0 0
0 0 1 0 0 0 1
0 0 0 0 0 0 0
0 0 0 0 0 0 0
0 0 0 0 0 0 0
1 57 1 0 0 1 0
2 57 0 0 0 0 0
2 57 0 0 0 0 0
2 57 0 0 0 0 0
2 57 0 0 0 0 1
0 0 0 0 0 0 0
0 0 0 0 0 0 0
0 0 0 0 0 0 0
0 0 0 0 1 0 1
0 0 0 0 0 0 0
0 0 0 0 0 0 0
0 0 0 0 0 0 0
1 60 0 0 0 0 1
2 60 0 0 0 0 0
2 60 0 0 0 0 0
2 60 0 0 0 0 0
2 60 1 0 0 0 1
0 0 0 0 0 0 0
0 0 0 0 0 0 0
0 0 0 0 0 0 0
1 67 0 0 0 0 1
2 67 0 0 0 0 0
2 67 0 0 0 0 0
0 0 0 0 0 0 0
1 67 0 0 1 0 1
2 67 0 0 0 0 0
2 67 0 0 0 0 0
0 0 0 0 0 0 0
0 0 0 0 0 0 1
0 0 0 0 0 0 0
0 0 0 0 0 0 0
0 0 0 0 0 0 0
0 0 1 0 0 0 1
0 0 0 0 0 0 0
0 0 0 0 0 0 0
0 0 0 0 0 0 0
1 63 0 0 0 0 1
2 63 0 0 0 0 0
2 63 0 0 0 0 0
0 0 0 0 0 0 0
1 63 0 0 1 0 1
2 63 0 0 0 0 0
2 63 0 0 0 0 0
1 60 0 0 0 0 0
2 60 0 0 0 0 1
0 0 0 0 0 0 0
0 0 0 0 0 0 0
0 0 0 0 0 0 0
0 0 1 0 0 0 1
0 0 0 0 0 0 0
0 0 0 0 0 0 0
0 0 0 0 0 0 0
1 56 0 0 0 0 1
2 56 0 0 0 0 0
2 56 0 0 0 0 0
2 56 0 0 0 0 0
2 56 0 0 1 0 1
2 56 0 0 0 0 0
2 56 0 0 0 0 0
2 56 0 0 0 0 0
2 56 0 0 0 0 1
0 0 0 0 0 0 0
0 0 0 0 0 0 0
0 0 0 0 0 0 0
1 57 1 0 0 0 1
2 57 0 0 0 0 0
2 57 0 0 0 0 0
2 57 0 0 0 0 0
2 57 0 0 0 0 1
0 0 0 0 0 0 0
0 0 0 0 0 0 0
0 0 0 0 0 0 0
0 0 0 0 1 0 1
0 0 0 0 0 0 0
0 0 0 0 0 0 0
0 0 0 0 0 0 0
1 60 0 0 0 0 1
2 60 0 0 0 0 0
2 60 0 0 0 0 0
2 60 0 0 0 0 0
2 60 1 0 0 0 1
0 0 0 0 0 0 0
0 0 0 0 0 0 0
0 0 0 0 0 0 0
1 67 0 0 0 0 1
2 67 0 0 0 0 0
2 67 0 0 0 0 0
0 0 0 0 0 0 0
1 67 0 0 1 0 1
2 67 0 0 0 0 0
2 67 0 0 0 0 0
0 0 0 0 0 0 0
0 0 0 0 0 0 1
0 0 0 0 0 0 0
0 0 0 0 0 0 0
0 0 0 0 0 0 0
0 0 1 0 0 0 1
0 0 0 0 0 0 0
0 0 0 0 0 0 0
0 0 0 0 0 0 0
1 63 0 0 0 0 1
2 63 0 0 0 0 0
2 63 0 0 0 0 0
0 0 0 0 0 0 0
1 63 0 0 1 0 1
2 63 0 0 0 0 0
2 63 0 0 0 0 0
1 60 0 0 0 0 0
2 60 0 0 0 0 1
0 0 0 0 0 0 0
0 0 0 0 0 0 0
0 0 0 0 0 0 0
0 0 1 0 0 0 1
0 0 0 0 0 0 0
0 0 0 0 0 0 0
0 0 0 0 0 0 0
1 56 0 0 0 0 1
2 56 0 0 0 0 0
2 56 0 0 0 0 0
2 56 0 0 0 0 0
2 56 0 0 1 0 1
2 56 0 0 0 0 0
2 56 0 0 0 0 0
2 56 0 0 0 0 0
2 56 0 0 0 0 1
0 0 0 0 0 0 0
0 0 0 0 0 0 0
0 0 0 0 0 0 0
1 57 1 0 0 1 0
2 57 0 0 0 0 0
2 57 0 0 0 0 0
2 57 0 0 0 0 0
2 57 0 0 0 0 1
0 0 0 0 0 0 0
0 0 0 0 0 0 0
0 0 0 0 0 0 0
0 0 0 0 1 0 1
0 0 0 0 0 0 0
0 0 0 0 0 0 0
0 0 0 0 0 0 0
1 60 0 0 0 0 1
2 60 0 0 0 0 0
2 60 0 0 0 0 0
2 60 0 0 0 0 0
2 60 1 0 0 0 1
0 0 0 0 0 0 0
0 0 0 0 0 0 0
0 0 0 0 0 0 0
1 67 0 0 0 0 1
2 67 0 0 0 0 0
2 67 0 0 0 0 0
0 0 0 0 0 0 0
1 67 0 0 1 0 1
2 67 0 0 0 0 0
2 67 0 0 0 0 0
0 0 0 0 0 0 0
0 0 0 0 0 0 1
0 0 0 0 0 0 0
0 0 0 0 0 0 0
0 0 0 0 0 0 0
0 0 1 0 0 0 1
0 0 0 0 0 0 0
0 0 0 0 0 0 0
0 0 0 0 0 0 0
1 63 0 0 0 0 1
2 63 0 0 0 0 0
2 63 0 0 0 0 0
0 0 0 0 0 0 0
1 63 0 0 1 0 1
2 63 0 0 0 0 0
2 63 0 0 0 0 0
1 60 0 0 0 0 0
2 60 0 0 0 0 1
0 0 0 0 0 0 0
0 0 0 0 0 0 0
0 0 0 0 0 0 0
0 0 1 0 0 0 1
0 0 0 0 0 0 0
0 0 0 0 0 0 0
0 0 0 0 0 0 0
1 56 0 0 0 0 1
2 56 0 0 0 0 0
2 56 0 0 0 0 0
2 56 0 0 0 0 0
2 56 0 0 1 0 1
2 56 0 0 0 0 0
2 56 0 0 0 0 0
2 56 0 0 0 0 0
2 56 0 0 0 0 1
0 0 0 0 0 0 0
0 0 0 0 0 0 0
0 0 0 0 0 0 0
1 57 1 0 0 0 1
2 57 0 0 0 0 0
2 57 0 0 0 0 0
2 57 0 0 0 0 0
2 57 0 0 0 0 1
0 0 0 0 0 0 0
0 0 0 0 0 0 0
0 0 0 0 0 0 0
0 0 0 0 1 0 1
0 0 0 0 0 0 0
0 0 0 0 0 0 0
0 0 0 0 0 0 0
1 60 0 0 0 0 1
2 60 0 0 0 0 0
2 60 0 0 0 0 0
2 60 0 0 0 0 0
2 60 1 0 0 0 1
0 0 0 0 0 0 0
0 0 0 0 0 0 0
0 0 0 0 0 0 0
1 67 0 0 0 0 1
2 67 0 0 0 0 0
2 67 0 0 0 0 0
0 0 0 0 0 0 0
1 67 0 0 1 0 1
2 67 0 0 0 0 0
2 67 0 0 0 0 0
0 0 0 0 0 0 0
0 0 0 0 0 0 1
0 0 0 0 0 0 0
0 0 0 0 0 0 0
0 0 0 0 0 0 0
0 0 1 0 0 0 1
0 0 0 0 0 0 0
1 50 0 0 1 0 0
2 50 0 0 0 0 0
2 50 0 0 0 0 1
2 50 0 0 0 0 0
2 50 1 0 0 0 0
2 50 0 0 0 0 0
2 50 0 0 1 1 0
0 0 0 0 0 0 0
0 0 0 0 0 0 0
0 0 0 0 0 0 0
0 0 1 0 0 0 1
0 0 0 0 0 0 0
0 0 0 0 1 0 0
0 0 0 0 0 0 0
0 0 0 0 1 0 1
0 0 0 0 0 0 0
0 0 0 0 1 0 0
0 0 0 0 1 0 0
0 0 0 0 1 0 0
0 0 0 0 0 0 0
0 0 0 0 1 0 0
0 0 0 0 0 0 0
0 0 0 1 0 0 0
0 0 0 0 0 0 0
0 0 0 1 0 0 0
0 0 0 0 0 0 0
0 0 0 0 1 0 0
0 0 0 0 0 0 0
0 0 0 0 0 0 0
0 0 0 0 0 0 0
0 0 1 1 0 0 0
0 0 0 0 0 0 0
0 0 0 0 0 0 0
0 0 0 0 0 0 0
0 0 0 0 0 0 0
0 0 0 0 0 0 0
0 0 0 0 0 0 0
0 0 0 0 0 0 0
0 0 0 0 0 0 0
0 0 0 0 0 0 0
0 0 0 0 0 0 0
0 0 0 0 0 0 0
0 0 0 0 0 0 0
0 0 0 0 0 0 0
0 0 0 0 0 0 0
0 0 0 0 0 0 0
0 0 0 0 0 0 0
0 0 0 0 0 0 0
0 0 0 0 0 0 0
0 0 0 0 0 0 0
0 0 0 0 0 0 0
0 0 0 0 0 0 0
0 0 0 0 0 0 0
0 0 0 0 0 0 0
0 0 0 0 0 0 0
0 0 0 0 0 0 0
0 0 0 0 0 0 0
0 0 0 0 0 0 0
0 0 0 0 0 0 0
0 0 0 0 0 0 0
0 0 0 0 0 0 0
0 0 0 0 0 0 0
0 0 1 0 0 0 1
0 0 0 0 0 0 0
0 0 0 0 0 0 0
0 0 0 0 0 0 0
0 0 0 0 0 0 1
0 0 0 0 0 0 0
0 0 0 0 0 0 0
0 0 0 0 0 0 0
0 0 1 0 0 0 1
0 0 0 0 0 0 0
0 0 0 0 0 0 0
0 0 0 0 0 0 0
0 0 0 0 0 0 1
0 0 0 0 0 0 0
0 0 0 0 0 0 0
0 0 0 0 0 0 0
0 0 1 0 0 0 1
0 0 0 0 0 0 0
0 0 0 0 0 0 0
0 0 0 0 0 0 0
0 0 0 0 0 0 1
0 0 0 0 0 0 0
0 0 0 0 0 0 0
0 0 0 0 0 0 0
0 0 1 0 0 0 1
0 0 0 0 0 0 0
0 0 0 0 0 0 0
0 0 0 0 0 0 0
0 0 0 0 0 0 1
0 0 0 0 0 0 0
0 0 0 0 0 0 0
0 0 0 0 0 0 0
0 0 1 0 0 0 1
0 0 0 0 0 0 0
0 0 0 0 0 0 0
0 0 0 0 0 0 0
0 0 0 0 0 0 1
0 0 0 0 0 0 0
0 0 0 0 0 0 0
0 0 0 0 0 0 0
0 0 1 0 0 0 1
0 0 0 0 0 0 0
0 0 0 0 0 0 0
0 0 0 0 0 0 0
0 0 0 0 0 0 1
0 0 0 0 0 0 0
0 0 0 0 0 0 0
0 0 0 0 0 0 0
0 0 1 0 0 0 1
0 0 0 0 0 0 0
0 0 0 0 0 0 0
0 0 0 0 0 0 0
0 0 0 0 0 0 1
0 0 0 0 0 0 0
0 0 0 0 0 0 0
0 0 0 0 0 0 0
0 0 1 0 0 0 1
0 0 0 0 0 0 0
0 0 0 0 0 0 0
0 0 0 0 0 0 0
0 0 0 0 0 0 1
0 0 0 0 0 0 0
0 0 0 0 0 0 0
0 0 0 0 0 0 0
0 0 1 0 0 0 1
0 0 0 0 0 0 0
0 0 0 0 0 0 0
0 0 0 0 0 0 0
0 0 0 0 0 0 1
0 0 0 0 0 0 0
0 0 0 0 0 0 0
0 0 0 0 0 0 0
0 0 1 0 0 0 1
0 0 0 0 0 0 0
0 0 0 0 1 0 0
0 0 0 0 0 0 0
0 0 0 0 0 0 1
0 0 0 0 0 0 0
0 0 0 0 1 0 0
0 0 0 0 0 0 0
0 0 1 0 1 0 1
0 0 0 0 0 0 0
0 0 0 0 1 0 0
0 0 0 0 0 0 0
0 0 0 0 0 0 1
0 0 0 0 0 0 0
0 0 0 0 1 0 0
0 0 0 0 0 0 0
0 0 1 0 1 0 1
0 0 0 0 0 0 0
0 0 0 0 1 0 0
0 0 0 0 0 0 0
0 0 0 0 0 0 1
0 0 0 0 0 0 0
0 0 0 0 0 0 0
0 0 0 0 0 0 0
0 0 1 0 0 0 1
0 0 0 0 0 0 0
0 0 0 0 0 0 0
0 0 0 0 0 0 0
0 0 0 0 0 0 1
0 0 0 0 0 0 0
0 0 0 0 0 0 1
0 0 0 0 0 0 1
0 0 1 0 0 0 1
0 0 0 0 0 0 0
0 0 0 0 0 0 1
0 0 0 0 0 0 1
0 0 0 0 0 0 1
0 0 0 0 0 0 0
0 0 0 0 0 0 1
0 0 0 0 0 0 0
0 0 1 0 0 0 1
0 0 0 0 0 0 0
0 0 0 0 0 0 0
0 0 0 0 0 0 0
0 0 0 0 0 0 1
0 0 0 0 0 0 0
0 0 0 0 0 0 1
0 0 0 0 0 0 1
0 0 1 0 0 0 1
0 0 0 0 0 0 0
0 0 0 0 0 0 0
0 0 0 0 0 0 0
0 0 0 0 0 0 1
0 0 0 0 0 0 0
0 0 0 0 0 0 0
0 0 0 0 0 0 0
0 0 1 0 0 0 1
0 0 0 0 0 0 0
0 0 0 0 0 0 0
0 0 0 0 0 0 0
0 0 0 0 0 0 0
0 0 0 0 0 0 0
0 0 0 0 0 0 0
0 0 0 0 0 0 0
0 0 1 0 0 0 1
0 0 0 0 0 0 0
0 0 0 0 0 0 0
0 0 0 0 0 0 0
0 0 0 0 0 0 1
0 0 0 0 0 0 0
0 0 0 0 0 0 0
0 0 0 0 0 0 0
0 0 1 0 0 0 1
0 0 0 0 0 0 0
0 0 0 0 0 0 0
0 0 0 0 0 0 0
0 0 0 0 0 0 1
0 0 0 0 0 0 0
0 0 0 0 0 0 0
0 0 0 0 0 0 0
0 0 1 0 0 0 1
0 0 0 0 0 0 0
0 0 0 0 0 0 0
0 0 0 0 0 0 0
0 0 0 0 0 0 1
0 0 0 0 0 0 0
0 0 0 0 0 0 0
0 0 0 0 0 0 0
0 0 1 0 0 0 1
0 0 0 0 0 0 0
0 0 0 0 0 0 0
0 0 0 0 0 0 0
0 0 0 0 0 0 1
0 0 0 0 0 0 0
0 0 0 0 0 0 1
0 0 0 0 0 0 1
0 0 1 0 0 0 1
0 0 0 0 0 0 0
0 0 0 0 0 0 1
0 0 0 0 0 0 1
0 0 0 0 0 0 1
0 0 0 0 0 0 0
0 0 0 0 0 0 1
0 0 0 0 0 0 1
0 0 1 0 0 0 1
0 0 0 0 0 0 0
0 0 0 0 0 0 1
0 0 0 0 0 0 1
0 0 0 0 0 0 1
0 0 0 0 0 0 0
0 0 0 0 0 0 1
0 0 0 0 0 0 1
0 0 1 0 0 0 1
0 0 0 0 0 0 0
0 0 0 0 0 0 0
0 0 0 0 0 0 0
0 0 0 0 0 0 1
0 0 0 0 0 0 0
0 0 0 0 0 0 0
0 0 0 0 0 0 0
0 0 1 0 0 0 1
0 0 0 0 0 0 0
0 0 0 0 0 0 0
0 0 0 0 0 0 0
0 0 0 0 0 0 0
0 0 0 0 0 0 0
0 0 0 0 0 0 0
0 0 0 0 0 0 0
0 0 1 0 0 0 1
0 0 0 0 0 0 0
0 0 0 0 0 0 0
0 0 0 0 0 0 0
0 0 0 0 0 0 1
0 0 0 0 0 0 0
0 0 0 0 0 0 1
0 0 0 0 0 0 1
0 0 1 0 0 0 1
0 0 0 0 0 0 1
0 0 0 0 0 0 1
0 0 0 0 0 0 1
0 0 0 0 0 0 1
0 0 0 0 0 0 1
0 0 0 0 0 0 1
0 0 0 0 0 0 1
0 0 1 0 0 0 1
0 0 0 0 0 0 0
0 0 0 0 0 0 0
0 0 0 0 0 0 1
0 0 0 0 0 0 0
0 0 0 0 0 0 0
0 0 0 0 0 0 1
0 0 0 0 0 0 0
0 0 1 0 0 0 1
0 0 0 0 0 0 0
0 0 0 0 0 0 0
0 0 0 0 0 0 0
0 0 0 0 0 0 1
0 0 0 0 0 0 0
0 0 0 0 0 0 0
0 0 0 0 0 0 0
0 0 1 0 0 0 1
0 0 0 0 0 0 0
0 0 0 0 0 0 0
0 0 0 0 0 0 0
0 0 0 0 0 0 1
0 0 0 0 0 0 0
0 0 0 0 0 0 0
0 0 0 0 0 0 0
0 0 0 0 1 0 1
0 0 0 0 0 0 0
0 0 0 0 0 0 0
0 0 0 0 0 0 0
0 0 0 0 1 0 0
0 0 0 0 0 0 0
0 0 0 0 1 0 0
0 0 0 0 1 0 0
1 64 0 0 1 0 0
2 64 0 0 0 0 0
2 64 0 0 1 0 0
2 64 0 0 0 0 0
2 64 0 0 1 0 0
0 0 0 0 0 0 0
0 0 1 0 0 0 1
0 0 0 0 0 0 0
0 0 1 0 0 1 0
0 0 0 0 0 0 0
0 0 0 0 0 0 0
0 0 0 0 0 0 0
0 0 0 0 0 0 1
0 0 0 0 0 0 0
0 0 0 0 1 0 0
0 0 0 0 0 0 0
0 0 0 0 0 0 0
0 0 0 0 0 0 0
0 0 0 0 0 0 0
0 0 0 0 0 0 0
0 0 0 0 0 0 1
0 0 0 0 0 0 0
0 0 0 0 0 0 0
0 0 0 0 0 0 0
0 0 1 0 0 0 0
0 0 0 0 0 0 0
0 0 0 0 0 0 0
0 0 0 0 0 0 0
0 0 0 0 0 0 1
0 0 0 0 0 0 0
0 0 1 0 0 0 0
0 0 0 0 0 0 0
0 0 0 0 1 0 0
0 0 0 0 0 0 0
0 0 0 0 0 0 0
0 0 0 0 0 0 0
0 0 0 0 0 0 1
0 0 0 0 0 0 0
0 0 0 0 0 0 0
0 0 0 0 0 0 0
0 0 1 0 0 0 1
0 0 0 0 0 0 0
0 0 0 0 0 0 0
0 0 0 0 0 0 0
0 0 0 0 0 0 1
0 0 0 0 0 0 0
0 0 0 0 1 0 0
0 0 0 0 0 0 0
0 0 0 0 0 0 0
0 0 0 0 0 0 0
0 0 0 0 1 0 0
0 0 0 0 0 0 0
0 0 1 0 0 0 1
0 0 0 0 0 0 0
0 0 0 0 0 0 0
0 0 0 0 0 0 0
0 0 1 0 0 0 0
0 0 0 0 0 0 0
0 0 0 0 1 0 0
0 0 0 0 0 0 0
0 0 0 0 0 0 1
0 0 0 0 0 0 0
0 0 1 0 0 0 0
0 0 0 0 0 0 0
0 0 0 0 1 0 0
0 0 0 0 0 0 0
0 0 1 0 0 0 0
0 0 0 0 0 0 0
0 0 0 0 0 0 1
0 0 0 0 0 0 0
0 0 0 0 0 0 0
0 0 0 0 0 0 0
0 0 1 0 0 1 0
0 0 0 0 0 0 0
0 0 0 0 0 0 0
0 0 0 0 0 0 0
0 0 0 0 0 0 1
0 0 0 0 0 0 0
0 0 0 0 1 0 0
0 0 0 0 0 0 0
0 0 0 0 0 0 0
0 0 0 0 0 0 0
0 0 0 0 0 0 0
0 0 0 0 0 0 0
0 0 1 0 0 0 1
0 0 0 0 0 0 0
0 0 0 0 0 0 0
0 0 0 0 0 0 0
0 0 1 0 0 0 0
0 0 0 0 0 0 0
0 0 0 0 0 0 0
0 0 0 0 0 0 0
1 50 0 0 0 0 1
2 50 0 0 0 0 0
2 50 1 0 0 0 0
2 50 0 0 0 0 0
2 50 0 0 1 0 0
2 50 0 0 0 0 0
2 50 0 0 0 0 0
0 0 0 0 0 0 0
0 0 0 0 0 0 1
0 0 0 0 0 0 0
0 0 0 0 0 0 0
0 0 0 0 0 0 0
0 0 1 0 0 0 1
0 0 0 0 0 0 0
0 0 0 0 0 0 0
0 0 0 0 0 0 0
0 0 0 0 0 0 1
0 0 0 0 0 0 0
0 0 0 0 1 0 0
0 0 0 0 0 0 0
0 0 0 0 0 0 0
0 0 0 0 0 0 0
0 0 0 0 0 0 0
0 0 0 0 0 0 0
0 0 0 0 0 0 1
0 0 0 0 0 0 0
0 0 0 0 0 0 0
0 0 0 0 0 0 0
0 0 1 0 0 0 0
0 0 0 0 0 0 0
0 0 0 0 1 0 0
0 0 0 0 0 0 0
0 0 0 0 0 0 1
0 0 0 0 0 0 0
0 0 1 0 0 0 0
0 0 0 0 0 0 0
0 0 0 0 1 0 0
0 0 0 0 0 0 0
0 0 1 0 0 0 0
0 0 0 0 0 0 0
0 0 0 0 0 0 1
0 0 0 0 0 0 0
0 0 0 0 0 0 0
0 0 0 0 0 0 0
0 0 1 0 0 1 0
0 0 0 0 0 0 0
1 69 0 0 0 0 0
2 69 0 0 0 0 0
0 0 0 0 0 0 1
0 0 0 0 0 0 0
1 69 0 0 1 0 0
2 69 0 0 0 0 0
0 0 0 0 0 0 0
0 0 0 0 0 0 0
1 69 0 0 0 0 0
2 69 0 0 0 0 0
0 0 0 0 0 0 1
0 0 0 0 0 0 0
1 69 0 0 0 0 0
2 69 0 0 0 0 0
0 0 1 0 0 0 0
0 0 0 0 0 0 0
1 69 0 0 0 0 0
2 69 0 0 0 0 0
0 0 0 0 0 0 1
0 0 0 0 0 0 0
1 69 1 0 0 0 0
2 69 0 0 0 0 0
0 0 0 0 1 0 0
0 0 0 0 0 0 0
1 69 1 0 0 0 0
2 69 0 0 0 0 0
0 0 0 0 0 0 1
0 0 0 0 0 0 0
1 69 0 0 0 0 0
2 69 0 0 0 0 0
0 0 1 0 0 0 1
0 0 0 0 0 0 0
1 69 0 0 0 0 0
2 69 0 0 0 0 0
0 0 0 0 0 0 1
0 0 0 0 0 0 0
1 69 0 0 1 0 0
2 69 0 0 0 0 0
0 0 0 0 0 0 0
0 0 0 0 0 0 0
1 69 0 0 0 0 0
2 69 0 0 0 0 0
0 0 1 0 0 0 1
0 0 0 0 0 0 0
1 69 0 0 0 0 0
2 69 0 0 0 0 0
0 0 1 0 0 0 0
0 0 0 0 0 0 0
0 0 0 0 1 0 0
0 0 0 0 0 0 0
0 0 0 0 0 0 1
0 0 0 0 0 0 0
0 0 1 0 0 0 0
0 0 0 0 0 0 0
0 0 0 0 1 0 0
0 0 0 0 0 0 0
0 0 1 0 0 0 0
0 0 0 0 0 0 0
0 0 0 1 0 0 1
0 0 0 0 0 0 0
0 0 0 0 0 0 0
0 0 0 0 0 0 0
0 0 1 0 0 0 1
0 0 0 0 0 0 0
0 0 0 0 0 0 0
0 0 0 0 0 0 0
0 0 0 0 0 0 1
0 0 0 0 0 0 0
0 0 0 0 1 0 0
0 0 0 0 0 0 0
0 0 0 0 0 0 0
0 0 0 0 0 0 0
0 0 0 0 0 0 0
0 0 0 0 0 0 0
0 0 0 0 0 0 1
0 0 0 0 0 0 0
0 0 0 0 0 0 0
0 0 0 0 0 0 0
0 0 1 0 0 0 0
0 0 0 0 0 0 0
0 0 0 0 0 0 0
0 0 0 0 0 0 0
0 0 0 0 0 0 1
0 0 0 0 0 0 0
0 0 1 0 0 0 0
0 0 0 0 0 0 0
0 0 0 0 1 0 0
0 0 0 0 0 0 0
0 0 1 0 0 0 0
0 0 0 0 0 0 0
0 0 0 0 0 0 1
0 0 0 0 0 0 0
0 0 0 0 0 0 0
0 0 0 0 0 0 0
0 0 1 0 0 0 0
0 0 0 0 0 0 0
0 0 0 0 0 0 0
0 0 0 0 0 0 0
0 0 0 0 0 0 1
0 0 0 0 0 0 0
0 0 0 0 1 0 0
0 0 0 0 0 0 0
0 0 0 0 0 0 1
0 0 0 0 0 0 0
0 0 1 0 0 0 0
0 0 0 0 0 0 0
0 0 0 0 1 0 0
0 0 0 0 0 0 0
0 0 1 0 0 0 0
0 0 0 0 0 0 0
0 0 0 0 1 1 0
0 0 0 0 0 0 0
0 0 0 0 1 1 0
0 0 0 0 0 0 0
0 0 1 0 0 0 1
0 0 0 0 0 0 0
0 0 0 0 0 0 0
0 0 0 0 0 0 0
0 0 1 0 0 0 1
0 0 0 0 0 0 0
0 0 0 0 0 0 0
0 0 0 0 0 0 0
0 0 0 0 0 0 0
0 0 0 0 0 0 0
0 0 0 0 0 0 0
0 0 0 0 0 0 0
0 0 1 0 0 1 0
0 0 0 0 0 0 0
0 0 0 0 0 0 0
0 0 0 0 0 0 0
0 0 0 0 0 0 1
0 0 0 0 0 0 0
0 0 0 0 0 0 0
0 0 0 0 0 0 0
0 0 0 0 1 0 1
0 0 0 0 0 0 0
0 0 0 0 0 0 0
0 0 0 0 0 0 0
0 0 0 0 0 0 1
0 0 0 0 0 0 0
0 0 0 0 0 0 0
0 0 0 0 0 0 0
0 0 0 0 0 0 1
0 0 0 0 0 0 0
0 0 0 0 0 0 0
0 0 0 0 0 0 0
0 0 1 0 0 0 1
0 0 0 0 0 0 0
0 0 0 0 0 0 0
0 0 0 0 0 0 0
0 0 0 0 1 0 1
0 0 0 0 0 0 0
0 0 1 0 0 0 0
0 0 0 0 0 0 0
0 0 0 0 0 0 1
0 0 0 0 0 0 0
0 0 1 0 0 0 0
0 0 0 0 0 0 0
1 53 1 0 0 0 1
2 53 0 0 0 0 0
2 53 0 0 0 0 0
0 0 0 0 0 0 0
0 0 0 0 0 0 1
0 0 0 0 0 0 0
0 0 0 0 0 0 0
0 0 0 0 0 0 0
0 0 0 0 1 0 1
0 0 0 0 0 0 0
0 0 0 0 0 0 0
0 0 0 0 0 0 0
0 0 0 0 0 0 1
0 0 0 0 0 0 0
0 0 0 0 0 0 0
0 0 0 0 0 0 0
0 0 0 0 0 0 1
0 0 0 0 0 0 0
0 0 0 0 0 0 0
0 0 0 0 0 0 0
1 64 1 0 0 0 1
2 64 0 0 0 0 0
2 64 0 0 0 0 0
0 0 0 0 0 0 0
1 62 0 0 1 0 1
2 62 0 0 0 0 0
2 62 1 0 0 0 0
2 62 0 0 0 0 0
2 62 0 0 0 0 1
0 0 0 0 0 0 0
0 0 1 0 0 0 0
0 0 0 0 0 0 0
1 40 1 0 0 0 1
2 40 0 0 0 0 0
2 40 0 0 0 0 0
0 0 0 0 0 0 0
0 0 0 0 0 0 1
0 0 0 0 0 0 0
0 0 0 0 0 0 0
0 0 0 0 0 0 0
0 0 0 0 1 0 1
0 0 0 0 0 0 0
0 0 0 0 0 0 0
0 0 0 0 0 0 0
0 0 0 0 0 0 1
0 0 0 0 0 0 0
0 0 0 0 0 0 0
0 0 0 0 0 0 0
0 0 0 0 0 0 1
0 0 0 0 0 0 0
0 0 0 0 0 0 0
0 0 0 0 0 0 0
0 0 1 0 0 0 1
0 0 0 0 0 0 0
0 0 0 0 0 0 0
0 0 0 0 0 0 0
0 0 0 0 1 0 1
0 0 0 0 0 0 0
0 0 1 0 0 0 0
0 0 0 0 0 0 0
0 0 0 0 0 0 1
0 0 0 0 0 0 0
0 0 1 0 0 0 0
0 0 0 0 0 0 0
1 53 1 0 0 0 1
2 53 0 0 0 0 0
2 53 0 0 0 0 0
0 0 0 0 0 0 0
0 0 0 0 0 0 1
0 0 0 0 0 0 0
0 0 0 0 0 0 0
0 0 0 0 0 0 0
0 0 0 0 1 0 1
0 0 0 0 0 0 0
0 0 0 0 0 0 0
0 0 0 0 0 0 0
0 0 0 0 0 0 1
0 0 0 0 0 0 0
0 0 0 0 0 0 0
0 0 0 0 0 0 0
0 0 0 0 0 0 1
0 0 0 0 0 0 0
0 0 0 0 0 0 0
0 0 0 0 0 0 0
1 64 1 0 0 0 1
2 64 0 0 0 0 0
2 64 0 0 0 0 0
0 0 0 0 0 0 0
1 62 0 0 1 0 1
2 62 0 0 0 0 0
2 62 1 0 0 0 0
2 62 0 0 0 0 0
2 62 0 0 0 0 1
0 0 0 0 0 0 0
0 0 1 0 0 0 0
0 0 0 0 0 0 0
1 40 1 0 0 0 1
2 40 0 0 0 0 0
2 40 0 0 0 0 0
0 0 0 0 0 0 0
0 0 0 0 0 0 1
0 0 0 0 0 0 0
0 0 0 0 0 0 0
0 0 0 0 0 0 0
0 0 0 0 1 0 1
0 0 0 0 0 0 0
0 0 0 0 0 0 0
0 0 0 0 0 0 0
0 0 0 0 0 0 1
0 0 0 0 0 0 0
0 0 0 0 0 0 0
0 0 0 0 0 0 0
0 0 0 0 0 0 1
0 0 0 0 0 0 0
0 0 0 0 0 0 0
0 0 0 0 0 0 0
0 0 1 0 0 0 1
0 0 0 0 0 0 0
0 0 0 0 0 0 0
0 0 0 0 0 0 0
1 62 0 0 1 0 1
2 62 0 0 0 0 0
2 62 1 0 0 0 0
1 58 0 0 0 0 0
2 58 0 0 0 0 1
0 0 0 0 0 0 0
0 0 1 0 0 0 0
0 0 0 0 0 0 0
1 53 1 0 0 0 1
2 53 0 0 0 0 0
2 53 0 0 0 0 0
0 0 0 0 0 0 0
0 0 0 0 0 0 1
0 0 0 0 0 0 0
0 0 0 0 0 0 0
0 0 0 0 0 0 0
0 0 0 0 1 0 1
0 0 0 0 0 0 0
0 0 0 0 0 0 0
0 0 0 0 0 0 0
0 0 0 0 0 0 1
0 0 0 0 0 0 0
0 0 0 0 0 0 0
0 0 0 0 0 0 0
0 0 0 0 0 0 1
0 0 0 0 0 0 0
0 0 0 0 0 0 0
0 0 0 0 0 0 0
1 69 1 0 0 0 1
2 69 0 0 0 0 0
2 69 0 0 0 0 0
0 0 0 0 0 0 0
1 67 0 0 1 0 1
2 67 0 0 0 0 0
2 67 1 0 0 0 0
2 67 0 0 0 0 0
2 67 0 0 0 0 1
2 67 0 0 0 0 0
2 67 1 0 0 0 0
2 67 0 0 0 0 0
2 67 1 0 0 0 1
0 0 0 0 0 0 0
0 0 0 0 0 0 0
0 0 0 0 0 0 0
0 0 0 0 0 0 1
0 0 0 0 0 0 0
0 0 0 0 0 0 0
0 0 0 0 0 0 0
0 0 0 0 1 0 1
0 0 0 0 0 0 0
0 0 0 0 0 0 0
0 0 0 0 0 0 0
0 0 0 0 0 0 1
0 0 0 0 0 0 0
0 0 0 0 0 0 0
0 0 0 0 0 0 0
0 0 0 0 0 0 1
0 0 0 0 0 0 0
0 0 0 0 0 0 0
0 0 0 0 0 0 0
0 0 1 0 0 0 1
0 0 0 0 0 0 0
0 0 0 0 0 0 0
0 0 0 0 0 0 0
0 0 0 0 1 0 1
0 0 0 0 0 0 0
0 0 1 0 0 0 0
0 0 0 0 0 0 0
0 0 0 0 0 0 1
0 0 0 0 0 0 0
0 0 1 0 0 0 0
0 0 0 0 0 0 0
1 53 1 0 0 0 1
2 53 0 0 0 0 0
2 53 0 0 0 0 0
0 0 0 0 0 0 0
0 0 0 0 0 0 1
0 0 0 0 0 0 0
0 0 0 0 0 0 0
0 0 0 0 0 0 0
0 0 0 0 1 0 1
0 0 0 0 0 0 0
0 0 0 0 0 0 0
0 0 0 0 0 0 0
0 0 0 0 0 0 1
0 0 0 0 0 0 0
0 0 0 0 0 0 0
0 0 0 0 0 0 0
0 0 0 0 0 0 1
0 0 0 0 0 0 0
0 0 0 0 0 0 0
0 0 0 0 0 0 0
0 0 1 0 0 0 1
0 0 0 0 0 0 0
0 0 0 0 0 0 0
0 0 0 0 0 0 0
0 0 0 0 1 0 1
0 0 0 0 0 0 0
0 0 1 0 0 0 0
0 0 0 0 0 0 0
0 0 0 0 0 0 1
0 0 0 0 0 0 0
0 0 1 0 0 0 0
0 0 0 0 0 0 0
0 0 1 0 0 0 1
0 0 0 0 0 0 0
0 0 0 0 0 0 0
0 0 0 0 0 0 0
0 0 0 0 0 0 1
0 0 0 0 0 0 0
0 0 0 0 0 0 0
0 0 0 0 0 0 0
0 0 0 0 1 0 1
0 0 0 0 0 0 0
0 0 0 0 0 0 0
0 0 0 0 0 0 0
0 0 0 0 0 0 1
0 0 0 0 0 0 0
0 0 0 0 0 0 0
0 0 0 0 0 0 0
0 0 0 0 0 0 1
0 0 0 0 0 0 0
0 0 0 0 0 0 0
0 0 0 0 0 0 0
0 0 1 0 0 0 1
0 0 0 0 0 0 0
0 0 0 0 0 0 0
0 0 0 0 0 0 0
1 62 0 0 1 0 1
2 62 0 0 0 0 0
2 62 1 0 0 0 0
1 58 0 0 0 0 0
2 58 0 0 0 0 1
0 0 0 0 0 0 0
0 0 1 0 0 0 0
0 0 0 0 0 0 0
1 53 1 0 0 0 1
2 53 0 0 0 0 0
2 53 0 0 0 0 0
1 53 0 0 0 0 0
2 53 0 0 0 0 1
0 0 0 0 0 0 0
0 0 0 0 0 0 0
0 0 0 0 0 0 0
1 48 0 0 1 0 1
2 48 0 0 0 0 0
2 48 0 0 0 0 0
2 48 0 0 0 0 0
2 48 0 0 0 0 1
0 0 0 0 0 0 0
0 0 0 0 0 0 0
0 0 0 0 0 0 0
0 0 0 0 0 0 1
0 0 0 0 0 0 0
0 0 0 0 0 0 0
0 0 0 0 0 0 0
1 64 1 0 0 0 1
2 64 0 0 0 0 0
2 64 0 0 0 0 0
0 0 0 0 0 0 0
0 0 0 0 1 0 1
0 0 0 0 0 0 0
0 0 1 0 0 0 0
0 0 0 0 0 0 0
0 0 0 0 0 0 1
0 0 0 0 0 0 0
0 0 1 0 0 0 0
0 0 0 0 0 0 0
1 40 1 0 0 0 1
2 40 0 0 0 0 0
2 40 0 0 0 0 0
0 0 0 0 0 0 0
0 0 0 0 0 0 1
0 0 0 0 0 0 0
0 0 0 0 0 0 0
0 0 0 0 0 0 0
0 0 0 0 1 0 1
0 0 0 0 0 0 0
0 0 0 0 0 0 0
0 0 0 0 0 0 0
0 0 0 0 0 0 1
0 0 0 0 0 0 0
0 0 0 0 0 0 0
0 0 0 0 0 0 0
0 0 0 0 0 0 1
0 0 0 0 0 0 0
0 0 0 0 0 0 0
0 0 0 0 0 0 0
0 0 1 0 0 0 1
0 0 0 0 0 0 0
0 0 0 0 0 0 0
0 0 0 0 0 0 0
0 0 0 0 1 0 1
0 0 0 0 0 0 0
0 0 1 0 0 0 0
0 0 0 0 0 0 0
0 0 0 0 0 0 1
0 0 0 0 0 0 0
0 0 1 0 0 0 0
0 0 0 0 0 0 0
1 53 1 0 0 0 1
2 53 0 0 0 0 0
2 53 0 0 0 0 0
0 0 0 0 0 0 0
0 0 0 0 0 0 1
0 0 0 0 0 0 0
0 0 0 0 0 0 0
0 0 0 0 0 0 0
0 0 0 0 1 0 1
0 0 0 0 0 0 0
0 0 0 0 0 0 0
0 0 0 0 0 0 0
0 0 0 0 0 0 1
0 0 0 0 0 0 0
0 0 0 0 0 0 0
0 0 0 0 0 0 0
0 0 0 0 0 0 1
0 0 0 0 0 0 0
0 0 0 0 0 0 0
0 0 0 0 0 0 0
1 64 1 0 0 0 1
2 64 0 0 0 0 0
2 64 0 0 0 0 0
0 0 0 0 0 0 0
1 62 0 0 1 0 1
2 62 0 0 0 0 0
0 0 1 0 0 0 0
0 0 0 0 0 0 0
0 0 0 0 0 0 1
0 0 0 0 0 0 0
0 0 1 0 0 0 0
0 0 0 0 0 0 0
0 0 1 0 0 1 0
0 0 0 0 0 0 0
0 0 0 0 0 0 0
0 0 0 0 0 0 0
0 0 0 0 0 0 1
0 0 0 0 0 0 0
0 0 0 0 0 0 0
0 0 0 0 0 0 0
0 0 0 0 1 0 1
0 0 0 0 0 0 0
0 0 0 0 0 0 0
0 0 0 0 0 0 0
0 0 0 0 0 0 1
0 0 0 0 0 0 0
0 0 0 0 0 0 0
0 0 0 0 0 0 0
0 0 0 0 0 0 1
0 0 0 0 0 0 0
0 0 0 0 0 0 0
0 0 0 0 0 0 0
0 0 1 0 0 0 1
0 0 0 0 0 0 0
0 0 0 0 0 0 0
0 0 0 0 0 0 0
0 0 0 0 1 0 1
0 0 0 0 0 0 0
0 0 1 0 0 0 0
0 0 0 0 0 0 0
0 0 0 0 0 0 1
0 0 0 0 0 0 0
0 0 1 0 0 0 0
0 0 0 0 0 0 0
1 53 1 0 0 0 1
2 53 0 0 0 0 0
2 53 0 0 0 0 0
0 0 0 0 0 0 0
0 0 0 0 0 0 1
0 0 0 0 0 0 0
0 0 0 0 0 0 0
0 0 0 0 0 0 0
0 0 0 0 1 0 1
0 0 0 0 0 0 0
0 0 0 0 0 0 0
0 0 0 0 0 0 0
0 0 0 0 0 0 1
0 0 0 0 0 0 0
0 0 0 0 0 0 0
0 0 0 0 0 0 0
0 0 0 0 0 0 1
0 0 0 0 0 0 0
0 0 0 0 0 0 0
0 0 0 0 0 0 0
1 64 1 0 0 0 1
2 64 0 0 0 0 0
2 64 0 0 0 0 0
0 0 0 0 0 0 0
1 62 0 0 1 0 1
2 62 0 0 0 0 0
0 0 1 0 0 0 0
0 0 0 0 0 0 0
0 0 0 0 0 0 1
0 0 0 0 0 0 0
1 58 1 0 0 0 0
2 58 0 0 0 0 0
0 0 1 0 0 1 0
0 0 0 0 0 0 0
0 0 0 0 0 0 0
0 0 0 0 0 0 0
0 0 0 0 0 0 1
0 0 0 0 0 0 0
0 0 0 0 0 0 0
0 0 0 0 0 0 0
0 0 0 0 1 0 1
0 0 0 0 0 0 0
0 0 0 0 0 0 0
0 0 0 0 0 0 0
0 0 0 0 0 0 1
0 0 0 0 0 0 0
0 0 0 0 0 0 0
0 0 0 0 0 0 0
0 0 0 0 0 0 1
0 0 0 0 0 0 0
0 0 0 0 0 0 0
0 0 0 0 0 0 0
0 0 1 0 0 0 1
0 0 0 0 0 0 0
0 0 0 0 0 0 0
0 0 0 0 0 0 0
0 0 0 0 1 0 1
0 0 0 0 0 0 0
0 0 1 0 0 0 0
0 0 0 0 0 0 0
0 0 0 0 0 0 1
0 0 0 0 0 0 0
0 0 1 0 0 0 0
0 0 0 0 0 0 0
1 53 1 0 0 0 1
2 53 0 0 0 0 0
2 53 0 0 0 0 0
0 0 0 0 0 0 0
0 0 0 0 0 0 1
0 0 0 0 0 0 0
0 0 1 0 0 0 0
0 0 0 0 0 0 0
0 0 0 0 1 0 1
0 0 0 0 0 0 0
0 0 0 0 0 0 0
0 0 0 0 0 0 0
0 0 1 0 0 0 1
0 0 0 0 0 0 0
0 0 0 0 0 0 0
0 0 0 0 0 0 0
0 0 1 0 0 0 1
0 0 0 0 0 0 0
0 0 0 0 0 0 0
0 0 0 0 0 0 0
1 64 1 0 0 0 1
2 64 0 0 0 0 0
2 64 0 0 0 0 0
0 0 0 0 0 0 0
1 62 0 0 1 0 0
2 62 0 0 0 0 0
2 62 0 0 1 0 0
2 62 0 0 0 0 0
2 62 1 0 0 0 1
0 0 0 0 0 0 0
0 0 0 0 0 0 0
0 0 0 0 0 0 0
1 57 1 0 0 1 0
2 57 0 0 0 0 0
2 57 0 0 0 0 0
2 57 0 0 0 0 0
2 57 0 0 0 0 1
0 0 0 0 0 0 0
0 0 0 0 0 0 0
0 0 0 0 0 0 0
0 0 0 0 1 0 1
0 0 0 0 0 0 0
0 0 0 0 0 0 0
0 0 0 0 0 0 0
1 60 0 0 0 0 1
2 60 0 0 0 0 0
2 60 0 0 0 0 0
2 60 0 0 0 0 0
2 60 1 0 0 0 1
0 0 0 0 0 0 0
0 0 0 0 0 0 0
0 0 0 0 0 0 0
1 67 0 0 0 0 1
2 67 0 0 0 0 0
2 67 0 0 0 0 0
0 0 0 0 0 0 0
1 67 0 0 1 0 1
2 67 0 0 0 0 0
2 67 0 0 0 0 0
0 0 0 0 0 0 0
0 0 0 0 0 0 1
0 0 0 0 0 0 0
0 0 0 0 0 0 0
0 0 0 0 0 0 0
0 0 1 0 0 0 1
0 0 0 0 0 0 0
0 0 0 0 0 0 0
0 0 0 0 0 0 0
1 63 0 0 0 0 1
2 63 0 0 0 0 0
2 63 0 0 0 0 0
0 0 0 0 0 0 0
1 63 0 0 1 0 1
2 63 0 0 0 0 0
2 63 0 0 0 0 0
1 60 0 0 0 0 0
2 60 0 0 0 0 1
0 0 0 0 0 0 0
0 0 0 0 0 0 0
0 0 0 0 0 0 0
0 0 1 0 0 0 1
0 0 0 0 0 0 0
0 0 0 0 0 0 0
0 0 0 0 0 0 0
1 56 0 0 0 0 1
2 56 0 0 0 0 0
2 56 0 0 0 0 0
2 56 0 0 0 0 0
2 56 0 0 1 0 1
2 56 0 0 0 0 0
2 56 0 0 0 0 0
2 56 0 0 0 0 0
2 56 0 0 0 0 1
0 0 0 0 0 0 0
0 0 0 0 0 0 0
0 0 0 0 0 0 0
1 57 1 0 0 0 1
2 57 0 0 0 0 0
2 57 0 0 0 0 0
2 57 0 0 0 0 0
2 57 0 0 0 0 1
0 0 0 0 0 0 0
0 0 0 0 0 0 0
0 0 0 0 0 0 0
0 0 0 0 1 0 1
0 0 0 0 0 0 0
0 0 0 0 0 0 0
0 0 0 0 0 0 0
1 60 0 0 0 0 1
2 60 0 0 0 0 0
2 60 0 0 0 0 0
2 60 0 0 0 0 0
2 60 1 0 0 0 1
0 0 0 0 0 0 0
0 0 0 0 0 0 0
0 0 0 0 0 0 0
1 67 0 0 0 0 1
2 67 0 0 0 0 0
2 67 0 0 0 0 0
0 0 0 0 0 0 0
1 67 0 0 1 0 1
2 67 0 0 0 0 0
2 67 0 0 0 0 0
0 0 0 0 0 0 0
0 0 0 0 0 0 1
0 0 0 0 0 0 0
0 0 0 0 0 0 0
0 0 0 0 0 0 0
0 0 1 0 0 0 1
0 0 0 0 0 0 0
0 0 0 0 0 0 0
0 0 0 0 0 0 0
1 63 0 0 0 0 1
2 63 0 0 0 0 0
0 0 0 0 0 0 0
0 0 0 0 0 0 0
1 63 0 0 1 0 1
2 63 0 0 0 0 0
2 63 0 0 0 0 0
1 60 0 0 0 0 0
2 60 0 0 0 0 1
0 0 0 0 0 0 0
0 0 0 0 0 0 0
0 0 0 0 0 0 0
0 0 1 0 0 0 1
0 0 0 0 0 0 0
0 0 0 0 0 0 0
0 0 0 0 0 0 0
1 56 0 0 0 0 1
2 56 0 0 0 0 0
2 56 0 0 0 0 0
2 56 0 0 0 0 0
2 56 0 0 1 0 1
2 56 0 0 0 0 0
2 56 0 0 0 0 0
2 56 0 0 0 0 0
2 56 0 0 0 0 1
0 0 0 0 0 0 0
0 0 0 0 0 0 0
0 0 0 0 0 0 0
1 57 1 0 0 1 0
2 57 0 0 0 0 0
2 57 0 0 0 0 0
2 57 0 0 0 0 0
2 57 0 0 0 0 1
0 0 0 0 0 0 0
0 0 0 0 0 0 0
0 0 0 0 0 0 0
0 0 0 0 1 0 1
0 0 0 0 0 0 0
0 0 0 0 0 0 0
0 0 0 0 0 0 0
1 60 0 0 0 0 1
2 60 0 0 0 0 0
2 60 0 0 0 0 0
2 60 0 0 0 0 0
2 60 1 0 0 0 1
0 0 0 0 0 0 0
0 0 0 0 0 0 0
0 0 0 0 0 0 0
1 67 0 0 0 0 1
2 67 0 0 0 0 0
2 67 0 0 0 0 0
0 0 0 0 0 0 0
1 67 0 0 1 0 1
2 67 0 0 0 0 0
2 67 0 0 0 0 0
0 0 0 0 0 0 0
0 0 0 0 0 0 1
0 0 0 0 0 0 0
0 0 0 0 0 0 0
0 0 0 0 0 0 0
0 0 1 0 0 0 1
0 0 0 0 0 0 0
0 0 0 0 0 0 0
0 0 0 0 0 0 0
1 63 0 0 0 0 1
2 63 0 0 0 0 0
2 63 0 0 0 0 0
0 0 0 0 0 0 0
1 63 0 0 1 0 1
2 63 0 0 0 0 0
2 63 0 0 0 0 0
1 60 0 0 0 0 0
2 60 0 0 0 0 1
0 0 0 0 0 0 0
0 0 0 0 0 0 0
0 0 0 0 0 0 0
0 0 1 0 0 0 1
0 0 0 0 0 0 0
0 0 0 0 0 0 0
0 0 0 0 0 0 0
1 56 0 0 0 0 1
2 56 0 0 0 0 0
2 56 0 0 0 0 0
2 56 0 0 0 0 0
2 56 0 0 1 0 1
2 56 0 0 0 0 0
2 56 0 0 0 0 0
2 56 0 0 0 0 0
2 56 0 0 0 0 1
0 0 0 0 0 0 0
0 0 0 0 0 0 0
0 0 0 0 0 0 0
1 57 1 0 0 0 1
2 57 0 0 0 0 0
2 57 0 0 0 0 0
2 57 0 0 0 0 0
2 57 0 0 0 0 1
0 0 0 0 0 0 0
0 0 0 0 0 0 0
0 0 0 0 0 0 0
0 0 0 0 1 0 1
0 0 0 0 0 0 0
0 0 0 0 0 0 0
0 0 0 0 0 0 0
1 60 0 0 0 0 1
2 60 0 0 0 0 0
2 60 0 0 0 0 0
2 60 0 0 0 0 0
2 60 1 0 0 0 1
0 0 0 0 0 0 0
0 0 0 0 0 0 0
0 0 0 0 0 0 0
1 67 0 0 0 0 1
2 67 0 0 0 0 0
2 67 0 0 0 0 0
0 0 0 0 0 0 0
1 67 0 0 1 0 1
2 67 0 0 0 0 0
2 67 0 0 0 0 0
0 0 0 0 0 0 0
0 0 0 0 0 0 1
0 0 0 0 0 0 0
0 0 0 0 0 0 0
0 0 0 0 0 0 0
0 0 0 0 0 0 1
0 0 0 0 0 0 0
1 50 0 0 1 0 0
2 50 0 0 0 0 0
2 50 0 0 0 0 1
2 50 0 0 0 0 0
2 50 1 0 0 0 0
2 50 0 0 0 0 0
2 50 0 0 1 0 1
0 0 0 0 0 0 0
0 0 1 0 0 0 0
0 0 0 0 0 0 0
0 0 0 0 0 0 1
0 0 0 0 0 0 0
0 0 0 0 1 0 0
0 0 0 0 0 0 0
0 0 0 0 0 0 1
0 0 0 0 0 0 0
0 0 0 0 1 0 0
0 0 0 0 1 0 0
0 0 0 0 1 0 0
0 0 0 0 0 0 0
0 0 0 0 1 0 0
0 0 0 0 0 0 0
0 0 0 1 0 0 0
0 0 0 0 0 0 0
0 0 0 1 0 0 0
0 0 0 0 0 0 0
0 0 0 0 1 0 0
0 0 0 0 0 0 0
0 0 0 0 0 0 0
0 0 0 0 0 0 0
0 0 1 1 0 0 0
0 0 0 0 0 0 0
0 0 0 0 0 0 0
0 0 0 0 0 0 0
0 0 0 0 0 0 0
0 0 0 0 0 0 0
0 0 0 0 0 0 0
0 0 0 0 0 0 0
0 0 0 0 0 0 0
0 0 0 0 0 0 0
0 0 0 0 0 0 0
0 0 0 0 0 0 0
0 0 0 0 0 0 0
0 0 0 0 0 0 0
0 0 0 0 0 0 0
0 0 0 0 0 0 0
0 0 0 0 0 0 0
0 0 0 0 0 0 0
0 0 0 0 0 0 0
0 0 0 0 0 0 0
0 0 0 0 0 0 0
0 0 0 0 0 0 0
0 0 0 0 0 0 0
0 0 0 0 0 0 0
0 0 0 0 0 0 0
0 0 0 0 0 0 0
0 0 0 0 0 0 0
0 0 0 0 0 0 0
0 0 0 0 0 0 0
0 0 0 0 0 0 0
0 0 0 0 0 0 0
0 0 0 0 0 0 0
0 0 1 0 0 0 1
0 0 0 0 0 0 0
0 0 0 0 0 0 0
0 0 0 0 0 0 0
0 0 0 0 0 0 1
0 0 0 0 0 0 0
0 0 0 0 0 0 0
0 0 0 0 0 0 0
1 78 0 0 1 0 1
2 78 0 0 0 0 0
2 78 0 0 0 0 0
2 78 0 0 0 0 0
2 78 0 0 0 0 1
2 78 0 0 0 0 0
2 78 0 0 0 0 0
2 78 0 0 0 0 0
2 78 1 0 0 0 1
2 78 0 0 0 0 0
2 78 0 0 0 0 0
2 78 0 0 0 0 0
2 78 0 0 0 0 1
2 78 0 0 0 0 0
2 78 0 0 0 0 0
2 78 0 0 0 0 0
2 78 0 0 1 0 1
2 78 0 0 0 0 0
2 78 0 0 0 0 0
2 78 0 0 0 0 0
2 78 0 0 0 0 1
2 78 0 0 0 0 0
2 78 0 0 0 0 0
2 78 0 0 0 0 0
2 78 1 0 0 0 1
2 78 0 0 0 0 0
2 78 0 0 0 0 0
2 78 0 0 0 0 0
2 78 0 0 0 0 1
2 78 0 0 0 0 0
2 78 0 0 0 0 0
2 78 0 0 0 0 0
2 78 0 0 1 0 1
2 78 0 0 0 0 0
2 78 0 0 0 0 0
2 78 0 0 0 0 0
2 78 0 0 0 0 1
2 78 0 0 0 0 0
2 78 0 0 0 0 0
2 78 0 0 0 0 0
2 78 1 0 0 0 1
2 78 0 0 0 0 0
2 78 0 0 0 0 0
0 0 0 0 0 0 0
0 0 0 0 0 0 1
0 0 0 0 0 0 0
1 71 0 0 0 0 0
2 71 0 0 0 0 0
2 71 0 0 1 0 1
0 0 0 0 0 0 0
1 69 0 0 0 0 0
2 69 0 0 0 0 0
2 69 0 0 0 0 1
2 69 0 0 0 0 0
2 69 0 0 0 0 0
2 69 0 0 0 0 0
2 69 1 0 0 0 1
2 69 0 0 0 0 0
2 69 0 0 0 0 0
2 69 0 0 0 0 0
2 69 0 0 0 0 1
2 69 0 0 0 0 0
2 69 0 0 0 0 0
2 69 0 0 0 0 0
2 69 0 0 1 0 1
2 69 0 0 0 0 0
2 69 0 0 0 0 0
2 69 0 0 0 0 0
2 69 0 0 0 0 1
2 69 0 0 0 0 0
2 69 0 0 0 0 0
2 69 0 0 0 0 0
2 69 1 0 0 0 1
2 69 0 0 0 0 0
2 69 0 0 0 0 0
2 69 0 0 0 0 0
2 69 0 0 0 0 1
2 69 0 0 0 0 0
2 69 0 0 0 0 0
2 69 0 0 0 0 0
2 69 0 0 1 0 1
2 69 0 0 0 0 0
2 69 0 0 0 0 0
2 69 0 0 0 0 0
2 69 0 0 0 0 1
2 69 0 0 0 0 0
2 69 0 0 0 0 0
2 69 0 0 0 0 0
2 69 1 0 0 0 1
2 69 0 0 0 0 0
2 69 0 0 0 0 0
2 69 0 0 0 0 0
2 69 0 0 0 0 1
2 69 0 0 0 0 0
2 69 0 0 0 0 0
2 69 0 0 0 0 0
2 69 0 0 1 0 1
2 69 0 0 0 0 0
2 69 0 0 0 0 0
2 69 0 0 0 0 0
2 69 0 0 0 0 1
2 69 0 0 0 0 0
2 69 0 0 0 0 0
2 69 0 0 0 0 0
2 69 1 0 0 0 1
2 69 0 0 0 0 0
2 69 0 0 0 0 0
0 0 0 0 0 0 0
0 0 0 0 0 0 1
0 0 0 0 0 0 0
1 71 0 0 0 0 0
2 71 0 0 0 0 0
2 71 0 0 1 0 1
0 0 0 0 0 0 0
1 69 0 0 0 0 0
2 69 0 0 0 0 0
2 69 0 0 0 0 1
2 69 0 0 0 0 0
2 69 0 0 0 0 0
0 0 0 0 0 0 0
0 0 1 0 0 0 1
0 0 0 0 0 0 0
0 0 0 0 0 0 0
0 0 0 0 0 0 0
0 0 0 0 0 0 1
0 0 0 0 0 0 0
0 0 0 0 0 0 0
0 0 0 0 0 0 0
1 78 0 0 1 0 1
2 78 0 0 0 0 0
2 78 0 0 0 0 0
2 78 0 0 0 0 0
2 78 0 0 0 0 1
2 78 0 0 0 0 0
2 78 0 0 0 0 0
2 78 0 0 0 0 0
2 78 1 0 0 0 1
2 78 0 0 0 0 0
2 78 0 0 0 0 0
2 78 0 0 0 0 0
2 78 0 0 0 0 1
2 78 0 0 0 0 0
2 78 0 0 0 0 0
2 78 0 0 0 0 0
2 78 0 0 1 0 1
2 78 0 0 0 0 0
2 78 0 0 0 0 0
2 78 0 0 0 0 0
2 78 0 0 0 0 1
2 78 0 0 0 0 0
2 78 0 0 0 0 0
2 78 0 0 0 0 0
2 78 1 0 0 0 1
2 78 0 0 0 0 0
2 78 0 0 0 0 0
2 78 0 0 0 0 0
2 78 0 0 0 0 1
2 78 0 0 0 0 0
2 78 0 0 0 0 0
2 78 0 0 0 0 0
2 78 0 0 1 0 1
2 78 0 0 0 0 0
2 78 0 0 0 0 0
2 78 0 0 0 0 0
2 78 0 0 0 0 1
2 78 0 0 0 0 0
2 78 0 0 0 0 0
2 78 0 0 0 0 0
2 78 1 0 0 0 1
2 78 0 0 0 0 0
2 78 0 0 0 0 0
0 0 0 0 0 0 0
0 0 0 0 0 0 1
0 0 0 0 0 0 0
1 71 0 0 0 0 0
2 71 0 0 0 0 0
2 71 0 0 1 0 1
0 0 0 0 0 0 0
1 69 0 0 0 0 0
2 69 0 0 0 0 0
2 69 0 0 0 0 1
2 69 0 0 0 0 0
2 69 0 0 0 0 0
2 69 0 0 0 0 0
2 69 1 0 0 0 1
2 69 0 0 0 0 0
2 69 0 0 0 0 0
2 69 0 0 0 0 0
2 69 0 0 0 0 1
2 69 0 0 0 0 0
2 69 0 0 0 0 0
2 69 0 0 0 0 0
2 69 0 0 1 0 1
2 69 0 0 0 0 0
2 69 0 0 0 0 0
2 69 0 0 0 0 0
2 69 0 0 0 0 1
2 69 0 0 0 0 0
2 69 0 0 0 0 0
2 69 0 0 0 0 0
2 69 1 0 0 0 1
2 69 0 0 0 0 0
2 69 0 0 0 0 0
2 69 0 0 0 0 0
2 69 0 0 0 0 1
2 69 0 0 0 0 0
2 69 0 0 0 0 0
2 69 0 0 0 0 0
2 69 0 0 1 0 1
2 69 0 0 0 0 0
2 69 0 0 0 0 0
2 69 0 0 0 0 0
2 69 0 0 0 0 1
2 69 0 0 0 0 0
2 69 0 0 0 0 0
2 69 0 0 0 0 0
2 69 1 0 0 0 1
2 69 0 0 0 0 0
2 69 0 0 0 0 0
2 69 0 0 0 0 0
2 69 0 0 0 0 1
2 69 0 0 0 0 0
2 69 0 0 0 0 0
2 69 0 0 0 0 0
2 69 0 0 1 0 1
2 69 0 0 0 0 0
2 69 0 0 0 0 0
2 69 0 0 0 0 0
2 69 0 0 0 0 1
2 69 0 0 0 0 0
2 69 0 0 0 0 0
2 69 0 0 0 0 0
2 69 1 0 0 0 1
2 69 0 0 0 0 0
2 69 0 0 0 0 0
0 0 0 0 0 0 0
0 0 0 0 0 0 1
0 0 0 0 0 0 0
1 71 0 0 0 0 0
2 71 0 0 0 0 0
2 71 0 0 1 0 1
0 0 0 0 0 0 0
1 69 0 0 0 0 0
2 69 0 0 0 0 0
2 69 0 0 0 0 1
2 69 0 0 0 0 0
2 69 0 0 0 0 0
0 0 0 0 0 0 0
0 0 1 0 0 0 1
0 0 0 0 0 0 0
0 0 0 0 0 0 0
0 0 0 0 0 0 0
0 0 0 0 0 0 1
0 0 0 0 0 0 0
0 0 0 0 0 0 0
0 0 0 0 0 0 0
0 0 0 0 1 0 1
0 0 0 0 0 0 0
0 0 0 0 0 0 0
0 0 0 0 0 0 0
0 0 0 0 1 0 1
0 0 0 0 0 0 0
0 0 0 0 1 0 0
0 0 0 0 1 0 0
0 0 1 0 0 0 1
0 0 0 0 0 0 0
0 0 0 0 0 0 0
0 0 0 0 0 0 0
0 0 0 0 0 0 1
0 0 0 0 0 0 0
0 0 0 0 0 0 0
0 0 0 0 0 0 0
1 78 0 0 1 0 1
2 78 0 0 0 0 0
2 78 0 0 0 0 0
2 78 0 0 0 0 0
2 78 0 0 0 0 1
2 78 0 0 0 0 0
2 78 0 0 0 0 0
2 78 0 0 0 0 0
2 78 1 0 0 0 1
2 78 0 0 0 0 0
2 78 0 0 0 0 0
2 78 0 0 0 0 0
2 78 0 0 0 0 1
2 78 0 0 0 0 0
2 78 0 0 0 0 0
2 78 0 0 0 0 0
2 78 0 0 1 0 1
2 78 0 0 0 0 0
2 78 0 0 0 0 0
2 78 0 0 0 0 0
2 78 0 0 0 0 1
2 78 0 0 0 0 0
2 78 0 0 0 0 0
2 78 0 0 0 0 0
2 78 1 0 0 0 1
2 78 0 0 0 0 0
2 78 0 0 0 0 0
0 0 0 0 0 0 0
0 0 0 0 0 0 1
0 0 0 0 0 0 0
1 71 0 0 0 0 0
2 71 0 0 0 0 0
2 71 0 0 1 0 1
0 0 0 0 0 0 0
1 69 0 0 0 0 0
2 69 0 0 0 0 0
2 69 0 0 0 0 1
2 69 0 0 0 0 0
2 69 0 0 0 0 0
2 69 0 0 0 0 0
2 69 1 0 0 0 1
2 69 0 0 0 0 0
2 69 0 0 0 0 0
2 69 0 0 0 0 0
2 69 0 0 0 0 1
2 69 0 0 0 0 0
2 69 0 0 0 0 0
2 69 0 0 0 0 0
2 69 0 0 1 0 1
2 69 0 0 0 0 0
2 69 0 0 0 0 0
2 69 0 0 0 0 0
2 69 0 0 0 0 1
2 69 0 0 0 0 0
2 69 0 0 0 0 0
2 69 0 0 0 0 0
2 69 1 0 0 0 1
2 69 0 0 0 0 0
2 69 0 0 0 0 0
2 69 0 0 0 0 0
2 69 0 0 0 0 1
2 69 0 0 0 0 0
2 69 0 0 0 0 0
2 69 0 0 0 0 0
2 69 0 0 1 0 1
2 69 0 0 0 0 0
2 69 0 0 0 0 0
2 69 0 0 0 0 0
2 69 0 0 0 0 1
2 69 0 0 0 0 0
2 69 0 0 0 0 0
2 69 0 0 0 0 0
2 69 1 0 0 0 1
2 69 0 0 0 0 0
2 69 0 0 0 0 0
2 69 0 0 0 0 0
2 69 0 0 0 0 1
2 69 0 0 0 0 0
2 69 0 0 0 0 0
2 69 0 0 0 0 0
2 69 0 0 1 0 1
2 69 0 0 0 0 0
2 69 0 0 0 0 0
2 69 0 0 0 0 0
2 69 0 0 0 0 1
2 69 0 0 0 0 0
2 69 0 0 0 0 0
2 69 0 0 0 0 0
2 69 1 0 0 0 1
2 69 0 0 0 0 0
2 69 0 0 0 0 0
0 0 0 0 0 0 0
0 0 0 0 0 0 1
0 0 0 0 0 0 0
1 71 0 0 0 0 0
2 71 0 0 0 0 0
2 71 0 0 1 0 1
0 0 0 0 0 0 0
1 69 0 0 0 0 0
2 69 0 0 0 0 0
2 69 0 0 0 0 1
2 69 0 0 0 0 0
2 69 0 0 0 0 0
0 0 0 0 0 0 0
0 0 1 0 0 0 1
0 0 0 0 0 0 0
0 0 0 0 0 0 0
0 0 0 0 0 0 0
0 0 0 0 0 0 1
0 0 0 0 0 0 0
0 0 0 0 0 0 0
0 0 0 0 0 0 0
0 0 0 0 1 0 0
0 0 0 0 0 0 0
0 0 0 0 0 0 0
0 0 0 0 0 0 0
0 0 0 0 0 0 1
0 0 0 0 0 0 0
0 0 0 0 0 0 1
0 0 0 0 0 0 0
0 0 1 0 0 0 1
0 0 0 0 0 0 0
0 0 0 0 0 0 0
0 0 0 0 0 0 0
0 0 0 0 0 0 1
0 0 0 0 0 0 0
0 0 0 0 0 0 0
0 0 0 0 0 0 0
1 78 0 0 1 0 1
2 78 0 0 0 0 0
2 78 0 0 0 0 0
2 78 0 0 0 0 0
2 78 0 0 0 0 1
2 78 0 0 0 0 0
2 78 0 0 0 0 0
2 78 0 0 0 0 0
2 78 1 0 0 0 1
2 78 0 0 0 0 0
2 78 0 0 0 0 0
2 78 0 0 0 0 0
2 78 0 0 0 0 1
2 78 0 0 0 0 0
2 78 0 0 0 0 0
2 78 0 0 0 0 0
2 78 0 0 1 0 1
2 78 0 0 0 0 0
2 78 0 0 0 0 0
2 78 0 0 0 0 0
2 78 0 0 0 0 1
2 78 0 0 0 0 0
2 78 0 0 0 0 0
2 78 0 0 0 0 0
2 78 1 0 0 0 1
2 78 0 0 0 0 0
2 78 0 0 0 0 0
0 0 0 0 0 0 0
0 0 0 0 0 0 1
0 0 0 0 0 0 0
1 71 0 0 0 0 0
2 71 0 0 0 0 0
2 71 0 0 1 0 1
0 0 0 0 0 0 0
1 69 0 0 0 0 0
2 69 0 0 0 0 0
2 69 0 0 1 0 1
2 69 0 0 0 0 0
2 69 0 0 1 0 0
2 69 0 0 1 0 0
2 69 1 0 0 0 1
2 69 0 0 0 0 0
2 69 0 0 0 0 0
2 69 0 0 0 0 0
2 69 0 0 0 0 1
2 69 0 0 0 0 0
2 69 0 0 0 0 0
2 69 0 0 0 0 0
2 69 0 0 1 0 1
2 69 0 0 0 0 0
2 69 0 0 0 0 0
2 69 0 0 0 0 0
2 69 0 0 0 0 1
2 69 0 0 0 0 0
2 69 0 0 0 0 1
2 69 0 0 0 0 0
2 69 1 0 0 0 1
2 69 0 0 0 0 0
2 69 0 0 0 0 0
2 69 0 0 0 0 0
2 69 0 0 0 0 1
2 69 0 0 0 0 0
2 69 0 0 0 0 0
2 69 0 0 0 0 0
2 69 0 0 1 0 1
2 69 0 0 0 0 0
2 69 0 0 0 0 0
2 69 0 0 0 0 0
2 69 0 0 0 0 1
2 69 0 0 0 0 0
2 69 0 0 0 0 0
2 69 0 0 0 0 0
2 69 1 0 0 0 1
2 69 0 0 0 0 0
2 69 0 0 0 0 0
2 69 0 0 0 0 0
2 69 0 0 0 0 1
2 69 0 0 0 0 0
2 69 0 0 0 0 0
2 69 0 0 0 0 0
2 69 0 0 1 0 1
2 69 0 0 0 0 0
2 69 0 0 0 0 0
2 69 0 0 0 0 0
2 69 0 0 0 0 1
2 69 0 0 0 0 0
2 69 0 0 0 0 0
2 69 0 0 0 0 0
2 69 1 0 0 1 0
2 69 0 0 0 0 0
2 69 0 0 1 0 0
0 0 0 0 0 0 0
0 0 0 0 0 0 0
0 0 0 0 0 0 0
1 71 0 1 0 0 0
2 71 0 0 0 0 0
2 71 0 0 1 0 0
0 0 0 0 0 0 0
1 69 0 0 0 0 0
2 69 0 0 0 0 0
2 69 1 0 0 0 0
2 69 0 0 0 0 0
2 69 0 0 0 0 0
0 0 0 0 0 0 0
0 0 1 0 0 0 1
0 0 0 0 0 0 0
0 0 0 0 0 0 0
0 0 0 0 0 0 0
0 0 0 0 0 0 1
0 0 0 0 0 0 0
0 0 0 0 0 0 0
0 0 0 0 0 0 0
0 0 0 0 1 0 1
0 0 0 0 0 0 0
0 0 0 0 0 0 0
0 0 0 0 0 0 0
0 0 0 0 0 0 1
0 0 0 0 0 0 0
0 0 0 0 0 0 0
0 0 0 0 0 0 0
0 0 1 0 0 0 1
0 0 0 0 0 0 0
0 0 0 0 0 0 0
0 0 0 0 0 0 0
0 0 0 0 0 0 1
0 0 0 0 0 0 0
0 0 0 0 0 0 0
0 0 0 0 0 0 0
1 78 0 0 1 0 1
2 78 0 0 0 0 0
2 78 0 0 0 0 0
2 78 0 0 0 0 0
2 78 0 0 0 0 1
2 78 0 0 0 0 0
2 78 0 0 0 0 0
2 78 0 0 0 0 0
2 78 1 0 0 0 1
2 78 0 0 0 0 0
2 78 0 0 0 0 0
2 78 0 0 0 0 0
2 78 0 0 0 0 1
2 78 0 0 0 0 0
2 78 0 0 0 0 0
2 78 0 0 0 0 0
2 78 0 0 1 0 1
2 78 0 0 0 0 0
2 78 0 0 0 0 0
2 78 0 0 0 0 0
2 78 0 0 0 0 1
2 78 0 0 0 0 0
2 78 0 0 0 0 0
2 78 0 0 0 0 0
2 78 1 0 0 0 1
2 78 0 0 0 0 0
2 78 0 0 0 0 0
0 0 0 0 0 0 0
0 0 0 0 0 0 1
0 0 0 0 0 0 0
1 71 0 0 0 0 0
2 71 0 0 0 0 0
2 71 0 0 1 0 1
0 0 0 0 0 0 0
1 69 0 0 0 0 0
2 69 0 0 0 0 0
2 69 0 0 0 0 1
2 69 0 0 0 0 0
2 69 0 0 0 0 0
2 69 0 0 0 0 0
2 69 1 0 0 0 1
2 69 0 0 0 0 0
2 69 0 0 0 0 0
2 69 0 0 0 0 0
2 69 0 0 0 0 1
2 69 0 0 0 0 0
2 69 0 0 0 0 0
2 69 0 0 0 0 0
2 69 0 0 1 0 1
2 69 0 0 0 0 0
2 69 0 0 0 0 0
2 69 0 0 0 0 0
2 69 0 0 0 0 1
2 69 0 0 0 0 0
2 69 0 0 0 0 0
2 69 0 0 0 0 0
2 69 1 0 0 0 1
2 69 0 0 0 0 0
2 69 0 0 0 0 0
2 69 0 0 0 0 0
2 69 0 0 0 0 1
2 69 0 0 0 0 0
2 69 0 0 0 0 0
2 69 0 0 0 0 0
2 69 0 0 1 0 1
2 69 0 0 0 0 0
2 69 0 0 0 0 0
2 69 0 0 0 0 0
2 69 0 0 0 0 1
2 69 0 0 0 0 0
2 69 0 0 0 0 0
2 69 0 0 0 0 0
2 69 1 0 0 0 1
2 69 0 0 0 0 0
2 69 0 0 0 0 0
2 69 0 0 0 0 0
2 69 0 0 0 0 1
2 69 0 0 0 0 0
2 69 0 0 0 0 0
2 69 0 0 0 0 0
2 69 0 0 1 0 1
2 69 0 0 0 0 0
2 69 0 0 0 0 0
2 69 0 0 0 0 0
2 69 0 0 0 0 1
2 69 0 0 0 0 0
2 69 0 0 0 0 0
2 69 0 0 0 0 0
2 69 1 0 0 0 1
2 69 0 0 0 0 0
2 69 0 0 0 0 0
0 0 0 0 0 0 0
0 0 0 0 0 0 1
0 0 0 0 0 0 0
1 71 0 0 0 0 0
2 71 0 0 0 0 0
2 71 0 0 1 0 1
0 0 0 0 0 0 0
1 69 0 0 0 0 0
2 69 0 0 0 0 0
2 69 0 0 0 0 1
2 69 0 0 0 0 0
2 69 0 0 0 0 0
0 0 0 0 0 0 0
0 0 1 0 0 0 1
0 0 0 0 0 0 0
0 0 0 0 0 0 0
0 0 0 0 0 0 0
0 0 0 0 0 0 1
0 0 0 0 0 0 0
0 0 0 0 0 0 0
0 0 0 0 0 0 0
0 0 0 0 1 0 1
0 0 0 0 0 0 0
0 0 0 0 0 0 0
0 0 0 0 0 0 0
0 0 0 0 0 0 1
0 0 0 0 0 0 0
0 0 0 0 0 0 0
0 0 0 0 0 0 0
0 0 1 0 0 0 1
0 0 0 0 0 0 0
0 0 0 0 0 0 0
0 0 0 0 0 0 0
0 0 0 0 0 0 1
0 0 0 0 0 0 0
0 0 0 0 0 0 0
0 0 0 0 0 0 0
1 78 0 0 1 0 1
2 78 0 0 0 0 0
2 78 0 0 0 0 0
2 78 0 0 0 0 0
2 78 0 0 0 0 1
2 78 0 0 0 0 0
2 78 0 0 0 0 0
2 78 0 0 0 0 0
2 78 1 0 0 0 1
2 78 0 0 0 0 0
2 78 0 0 0 0 0
2 78 0 0 0 0 0
2 78 0 0 0 0 1
2 78 0 0 0 0 0
2 78 0 0 0 0 0
2 78 0 0 0 0 0
2 78 0 0 1 0 1
2 78 0 0 0 0 0
2 78 0 0 0 0 0
2 78 0 0 0 0 0
2 78 0 0 0 0 1
2 78 0 0 0 0 0
2 78 0 0 0 0 0
2 78 0 0 0 0 0
2 78 1 0 0 0 1
2 78 0 0 0 0 0
2 78 0 0 0 0 0
0 0 0 0 0 0 0
0 0 0 0 0 0 1
0 0 0 0 0 0 0
1 71 0 0 0 0 0
2 71 0 0 0 0 0
2 71 0 0 1 0 1
0 0 0 0 0 0 0
1 69 0 0 0 0 0
2 69 0 0 0 0 0
2 69 0 0 0 0 1
2 69 0 0 0 0 0
2 69 0 0 0 0 0
2 69 0 0 0 0 0
2 69 0 0 0 0 0
