0 0 0 0 0 0 0
0 0 0 0 0 0 0
0 0 0 0 0 0 0
0 0 0 0 0 0 0
0 0 0 0 0 0 0
0 0 0 0 0 0 0
0 0 0 0 0 0 0
0 0 0 0 0 0 0
0 0 0 0 0 0 0
0 0 0 0 0 0 0
0 0 0 0 0 0 0
0 0 0 0 0 0 0
0 0 0 0 0 0 0
0 0 0 0 0 0 0
0 0 0 0 0 0 0
0 0 0 0 0 0 0
0 0 0 0 0 0 0
0 0 0 0 0 0 0
0 0 0 0 0 0 0
0 0 0 0 0 0 0
0 0 0 0 0 0 0
0 0 0 0 0 0 0
0 0 0 0 0 0 0
0 0 0 0 0 0 0
0 0 0 0 0 0 0
0 0 0 0 0 0 0
0 0 0 0 0 0 0
0 0 0 0 0 0 0
0 0 0 0 0 0 0
0 0 0 0 0 0 0
0 0 0 0 0 0 0
0 0 0 0 0 0 0
0 0 0 0 0 0 0
0 0 0 0 0 0 0
0 0 0 0 0 0 0
0 0 0 0 0 0 0
0 0 0 0 0 0 0
0 0 0 0 0 0 0
0 0 0 0 0 0 0
0 0 0 0 0 0 0
0 0 0 0 0 0 0
0 0 0 0 0 0 0
0 0 0 0 0 0 0
0 0 0 0 0 0 0
0 0 0 0 0 0 0
0 0 0 0 0 0 0
0 0 0 0 0 0 0
0 0 0 0 0 0 0
0 0 0 0 0 0 0
0 0 0 0 0 0 0
0 0 0 0 0 0 0
0 0 0 0 0 0 0
0 0 0 0 0 0 0
0 0 0 0 0 0 0
0 0 0 0 0 0 0
0 0 0 0 0 0 0
0 0 0 0 0 0 0
0 0 0 0 0 0 0
0 0 0 0 0 0 0
0 0 0 0 0 0 0
0 0 0 0 0 0 0
0 0 0 0 0 0 0
0 0 0 0 0 0 0
0 0 0 0 0 0 0
0 0 0 0 0 0 0
0 0 0 0 0 0 0
0 0 0 0 0 0 0
0 0 0 0 0 0 0
0 0 0 0 0 0 0
0 0 0 0 0 0 0
0 0 0 0 0 0 0
0 0 0 0 0 0 0
0 0 0 0 0 0 0
0 0 0 0 0 0 0
0 0 0 0 0 0 0
0 0 0 0 0 0 0
0 0 0 0 0 0 0
0 0 0 0 0 0 0
0 0 0 0 0 0 0
0 0 0 0 0 0 0
0 0 0 0 0 0 0
0 0 0 0 0 0 0
0 0 0 0 0 0 0
0 0 0 0 0 0 0
0 0 0 0 0 0 0
0 0 0 0 0 0 0
0 0 0 0 0 0 0
0 0 0 0 0 0 0
0 0 0 0 0 0 0
0 0 0 0 0 0 0
0 0 0 0 0 0 0
0 0 0 0 0 0 0
0 0 0 0 0 0 0
0 0 0 0 0 0 0
0 0 0 0 0 0 0
0 0 0 0 0 0 0
0 0 0 0 0 0 0
0 0 0 0 0 0 0
0 0 0 0 0 0 0
0 0 0 0 0 0 0
0 0 0 0 0 0 0
0 0 0 0 0 0 0
0 0 0 0 0 0 0
0 0 0 0 0 0 0
0 0 0 0 0 0 0
0 0 0 0 0 0 0
0 0 0 0 0 0 0
0 0 0 0 0 0 0
0 0 0 0 0 0 0
0 0 0 0 0 0 0
0 0 0 0 0 0 0
0 0 0 0 0 0 0
0 0 0 0 0 0 0
0 0 0 0 0 0 0
0 0 0 0 0 0 0
0 0 0 0 0 0 0
0 0 0 0 0 0 0
0 0 0 0 0 0 0
0 0 0 0 0 0 0
0 0 0 0 0 0 0
0 0 0 0 0 0 0
0 0 0 0 0 0 0
0 0 0 0 0 0 0
0 0 0 0 0 0 0
0 0 0 0 0 0 0
0 0 0 0 0 0 0
0 0 0 0 0 0 0
0 0 0 0 0 0 0
1 30 1 0 0 1 0
2 30 0 0 0 0 0
2 30 0 0 0 0 0
0 0 0 0 0 0 0
1 28 0 0 0 0 0
2 28 0 0 0 0 0
1 42 0 0 0 0 0
2 42 0 0 0 0 0
2 42 0 0 1 0 1
0 0 0 0 0 0 0
1 40 0 0 0 0 0
2 40 0 0 0 0 0
2 40 0 0 0 0 1
0 0 0 0 0 0 0
1 42 1 0 0 0 0
2 42 0 0 0 0 0
2 42 0 0 0 0 1
0 0 0 0 0 0 0
1 42 0 0 0 0 0
2 42 0 0 0 0 0
2 42 1 0 0 0 1
0 0 0 0 0 0 0
0 0 0 0 0 0 0
0 0 0 0 0 0 0
1 40 0 0 1 0 1
2 40 0 0 0 0 0
2 40 0 0 0 0 0
0 0 0 0 0 0 0
1 42 0 0 0 0 1
2 42 0 0 0 0 0
2 42 0 0 0 0 0
0 0 0 0 0 0 0
1 30 1 0 0 0 1
2 30 0 0 0 0 0
2 30 0 0 0 0 0
0 0 0 0 0 0 0
1 28 0 0 0 0 1
2 28 0 0 0 0 0
1 42 0 0 0 0 0
2 42 0 0 0 0 0
2 42 0 0 1 0 1
0 0 0 0 0 0 0
1 40 0 0 0 0 0
2 40 0 0 0 0 0
2 40 0 0 0 0 1
0 0 0 0 0 0 0
1 42 1 0 0 0 0
2 42 0 0 0 0 0
2 42 0 0 0 0 1
0 0 0 0 0 0 0
1 42 1 0 0 0 0
2 42 0 0 0 0 0
2 42 1 0 0 0 1
0 0 0 0 0 0 0
0 0 0 0 0 0 0
0 0 0 0 0 0 0
1 40 0 0 1 0 1
2 40 0 0 0 0 0
2 40 0 0 0 0 0
0 0 0 0 0 0 0
1 42 0 0 0 0 1
2 42 0 0 0 0 0
2 42 0 0 0 0 0
0 0 0 0 0 0 0
1 30 1 0 0 0 1
2 30 0 0 0 0 0
2 30 0 0 0 0 0
0 0 0 0 0 0 0
1 28 0 0 0 0 1
2 28 0 0 0 0 0
1 42 0 0 0 0 0
2 42 0 0 0 0 0
2 42 0 0 1 0 1
0 0 0 0 0 0 0
1 40 0 0 0 0 0
2 40 0 0 0 0 0
2 40 0 0 0 0 1
0 0 0 0 0 0 0
1 42 1 0 0 0 0
2 42 0 0 0 0 0
2 42 0 0 0 0 1
0 0 0 0 0 0 0
1 42 1 0 0 0 0
2 42 0 0 0 0 0
2 42 1 0 0 0 1
0 0 0 0 0 0 0
0 0 0 0 0 0 0
0 0 0 0 0 0 0
1 40 0 0 1 0 1
2 40 0 0 0 0 0
2 40 0 0 0 0 0
0 0 0 0 0 0 0
1 42 0 0 0 0 1
2 42 0 0 0 0 0
2 42 0 0 0 0 0
0 0 0 0 0 0 0
1 30 1 0 0 0 1
2 30 0 0 0 0 0
2 30 0 0 0 0 0
0 0 0 0 0 0 0
1 28 0 0 0 0 1
2 28 0 0 0 0 0
1 42 0 0 0 0 0
2 42 0 0 0 0 0
2 42 0 0 1 0 1
0 0 0 0 0 0 0
1 40 0 0 0 0 0
2 40 0 0 0 0 0
2 40 0 0 0 0 1
0 0 0 0 0 0 0
1 42 1 0 0 0 0
2 42 0 0 0 0 0
2 42 0 0 0 0 1
0 0 0 0 0 0 0
1 42 0 0 0 0 0
2 42 0 0 0 0 0
2 42 1 0 0 0 1
0 0 0 0 0 0 0
0 0 0 0 0 0 0
0 0 0 0 0 0 0
1 40 0 0 1 0 1
2 40 0 0 0 0 0
2 40 0 0 0 0 0
0 0 0 0 0 0 0
1 42 0 0 1 0 1
2 42 0 0 0 0 0
2 42 0 0 0 0 0
0 0 0 0 0 0 0
1 30 1 0 0 0 1
2 30 0 0 0 0 0
2 30 0 0 0 0 0
0 0 0 0 0 0 0
1 28 0 0 0 0 0
2 28 0 0 0 0 0
1 42 0 0 0 0 0
2 42 0 0 0 0 0
2 42 0 0 1 0 1
0 0 0 0 0 0 0
1 40 0 0 0 0 0
2 40 0 0 0 0 0
2 40 0 0 0 0 1
0 0 0 0 0 0 0
1 42 1 0 0 0 0
2 42 0 0 0 0 0
2 42 0 0 0 0 1
0 0 0 0 0 0 0
1 42 0 0 0 0 0
2 42 0 0 0 0 0
2 42 1 0 0 0 1
0 0 0 0 0 0 0
0 0 0 0 0 0 0
0 0 0 0 0 0 0
1 40 0 0 1 0 1
2 40 0 0 0 0 0
2 40 0 0 0 0 0
0 0 0 0 0 0 0
1 42 0 0 0 0 1
2 42 0 0 0 0 0
2 42 0 0 0 0 0
0 0 0 0 0 0 0
1 30 1 0 0 0 1
2 30 0 0 0 0 0
2 30 0 0 0 0 0
0 0 0 0 0 0 0
1 28 0 0 0 0 1
2 28 0 0 0 0 0
1 42 0 0 0 0 0
2 42 0 0 0 0 0
2 42 0 0 1 0 1
0 0 0 0 0 0 0
1 40 0 0 0 0 0
2 40 0 0 0 0 0
2 40 0 0 0 0 1
0 0 0 0 0 0 0
1 42 1 0 0 0 0
2 42 0 0 0 0 0
2 42 0 0 0 0 1
0 0 0 0 0 0 0
1 42 0 0 0 0 0
2 42 0 0 0 0 0
2 42 1 0 0 0 1
0 0 0 0 0 0 0
0 0 0 0 0 0 0
0 0 0 0 0 0 0
1 40 0 0 1 0 1
2 40 0 0 0 0 0
2 40 0 0 0 0 0
0 0 0 0 0 0 0
1 42 0 0 0 0 1
2 42 0 0 0 0 0
2 42 0 0 0 0 0
0 0 0 0 0 0 0
1 30 1 0 0 0 1
2 30 0 0 0 0 0
2 30 0 0 0 0 0
0 0 0 0 0 0 0
1 28 0 0 0 0 1
2 28 0 0 0 0 0
1 42 0 0 0 0 0
2 42 0 0 0 0 0
2 42 0 0 1 0 1
0 0 0 0 0 0 0
1 40 0 0 0 0 0
2 40 0 0 0 0 0
2 40 0 0 0 0 1
0 0 0 0 0 0 0
1 42 1 0 0 0 0
2 42 0 0 0 0 0
2 42 0 0 0 0 1
0 0 0 0 0 0 0
1 42 0 0 0 0 0
2 42 0 0 0 0 0
2 42 1 0 0 0 1
0 0 0 0 0 0 0
0 0 0 0 0 0 0
0 0 0 0 0 0 0
1 40 0 0 1 0 1
2 40 0 0 0 0 0
2 40 0 0 0 0 0
0 0 0 0 0 0 0
1 42 0 0 0 0 1
2 42 0 0 0 0 0
2 42 0 0 0 0 0
0 0 0 0 0 0 0
1 30 1 0 0 0 1
2 30 0 0 0 0 0
2 30 0 0 0 0 0
0 0 0 0 0 0 0
1 28 0 0 0 0 1
2 28 0 0 0 0 0
1 42 0 0 0 0 0
2 42 0 0 0 0 0
2 42 0 0 1 0 1
0 0 0 0 0 0 0
1 40 0 0 0 0 0
2 40 0 0 0 0 0
2 40 0 0 0 0 1
0 0 0 0 0 0 0
1 42 1 0 0 0 0
2 42 0 0 0 0 0
2 42 0 0 0 0 1
0 0 0 0 0 0 0
1 42 0 0 0 0 0
2 42 0 0 0 0 0
2 42 1 0 0 0 1
0 0 0 0 0 0 0
0 0 0 0 0 0 0
0 0 0 0 0 0 0
1 40 0 0 1 0 1
2 40 0 0 0 0 0
2 40 0 0 0 0 0
0 0 0 0 0 0 0
1 42 1 0 0 0 1
2 42 0 0 0 0 0
2 42 0 0 0 0 0
0 0 0 0 0 0 0
1 30 1 0 0 0 1
2 30 0 0 0 0 0
2 30 0 0 0 0 0
0 0 0 0 0 0 0
1 28 0 0 0 0 1
2 28 0 0 0 0 0
1 42 0 0 0 0 0
2 42 0 0 0 0 0
2 42 0 0 1 0 1
0 0 0 0 0 0 0
1 40 0 0 0 0 0
2 40 0 0 0 0 0
2 40 0 0 0 0 1
0 0 0 0 0 0 0
1 42 1 0 0 0 0
2 42 0 0 0 0 0
2 42 0 0 0 0 1
0 0 0 0 0 0 0
1 42 0 0 0 0 0
2 42 0 0 0 0 0
2 42 1 0 0 0 1
0 0 0 0 0 0 0
0 0 0 0 0 0 0
0 0 0 0 0 0 0
1 40 0 0 1 0 1
2 40 0 0 0 0 0
2 40 0 0 0 0 0
0 0 0 0 0 0 0
1 42 0 0 0 0 1
2 42 0 0 0 0 0
2 42 0 0 0 0 0
0 0 0 0 0 0 0
1 30 1 0 0 0 1
2 30 0 0 0 0 0
2 30 0 0 0 0 0
0 0 0 0 0 0 0
1 28 0 0 0 0 1
2 28 0 0 0 0 0
1 42 0 0 0 0 0
2 42 0 0 0 0 0
2 42 0 0 1 0 1
0 0 0 0 0 0 0
1 40 0 0 0 0 0
2 40 0 0 0 0 0
2 40 0 0 0 0 1
0 0 0 0 0 0 0
1 42 1 0 0 0 0
2 42 0 0 0 0 0
2 42 0 0 0 0 1
0 0 0 0 0 0 0
1 42 0 0 0 0 0
2 42 0 0 0 0 0
2 42 1 0 0 0 1
0 0 0 0 0 0 0
0 0 0 0 0 0 0
0 0 0 0 0 0 0
1 40 0 0 1 0 1
2 40 0 0 0 0 0
2 40 0 0 0 0 0
0 0 0 0 0 0 0
1 42 0 0 0 0 1
2 42 0 0 0 0 0
2 42 0 0 0 0 0
0 0 0 0 0 0 0
1 30 1 0 0 0 1
2 30 0 0 0 0 0
2 30 0 0 0 0 0
0 0 0 0 0 0 0
1 28 0 0 0 0 1
2 28 0 0 0 0 0
1 42 0 0 0 0 0
2 42 0 0 0 0 0
2 42 0 0 1 0 1
0 0 0 0 0 0 0
1 40 0 0 0 0 0
2 40 0 0 0 0 0
2 40 0 0 0 0 1
0 0 0 0 0 0 0
1 42 1 0 0 0 0
2 42 0 0 0 0 0
2 42 0 0 0 0 1
0 0 0 0 0 0 0
1 42 0 0 0 0 0
2 42 0 0 0 0 0
2 42 1 0 0 0 1
0 0 0 0 0 0 0
0 0 0 0 0 0 0
0 0 0 0 0 0 0
1 40 0 0 1 0 1
2 40 0 0 0 0 0
2 40 0 0 0 0 0
0 0 0 0 0 0 0
1 42 0 0 0 0 1
2 42 0 0 0 0 0
2 42 0 0 0 0 0
0 0 0 0 0 0 0
1 30 1 0 0 0 1
2 30 0 0 0 0 0
2 30 0 0 0 0 0
0 0 0 0 0 0 0
1 28 0 0 0 0 1
2 28 0 0 0 0 0
1 42 0 0 0 0 0
2 42 0 0 0 0 0
2 42 0 0 1 0 1
0 0 0 0 0 0 0
1 40 0 0 0 0 0
2 40 0 0 0 0 0
2 40 0 0 0 0 1
0 0 0 0 0 0 0
1 42 1 0 0 0 0
2 42 0 0 0 0 0
2 42 0 0 0 0 1
0 0 0 0 0 0 0
1 42 0 0 1 0 0
2 42 0 0 0 0 0
2 42 1 0 0 0 1
0 0 0 0 0 0 0
0 0 1 0 0 0 0
0 0 0 0 0 0 0
1 40 0 0 1 0 1
2 40 0 0 0 0 0
2 40 0 0 0 0 0
0 0 0 0 0 0 0
1 42 1 0 0 0 1
2 42 0 0 0 0 0
2 42 0 0 0 0 0
0 0 0 0 0 0 0
1 30 1 0 0 1 0
2 30 0 0 0 0 0
2 30 0 0 0 0 0
0 0 0 0 0 0 0
0 0 1 0 0 1 0
0 0 0 0 0 0 0
0 0 0 0 0 0 0
0 0 0 0 0 0 0
0 0 0 0 1 1 0
0 0 0 0 0 0 0
0 0 0 0 0 0 0
0 0 0 0 0 0 0
0 0 1 0 0 1 0
0 0 0 0 0 0 0
0 0 0 0 0 0 0
0 0 0 0 0 0 0
0 0 1 0 0 1 0
0 0 0 0 0 0 0
0 0 0 0 0 0 0
0 0 0 0 0 0 0
0 0 0 0 0 1 0
0 0 0 0 0 0 0
0 0 1 0 0 0 0
0 0 0 0 0 0 0
0 0 0 0 1 1 0
0 0 0 0 0 0 0
0 0 0 0 0 0 0
0 0 0 0 0 0 0
0 0 1 0 0 1 0
0 0 0 0 0 0 0
0 0 0 0 0 0 0
0 0 0 0 0 0 0
0 0 1 0 0 1 0
0 0 0 0 0 0 0
0 0 0 0 0 0 0
0 0 0 0 0 0 0
0 0 1 0 0 1 0
0 0 0 0 0 0 0
0 0 0 0 0 0 0
0 0 0 0 0 0 0
0 0 0 0 1 1 0
0 0 0 0 0 0 0
0 0 0 0 0 0 0
0 0 0 0 0 0 0
0 0 1 0 0 1 0
0 0 0 0 0 0 0
0 0 0 0 0 0 0
0 0 0 0 0 0 0
0 0 1 0 0 1 0
0 0 0 0 0 0 0
0 0 0 0 0 0 0
0 0 0 0 0 0 0
0 0 0 0 0 1 0
0 0 0 0 0 0 0
0 0 1 0 0 0 0
0 0 0 0 0 0 0
0 0 0 0 1 1 0
0 0 0 0 0 0 0
0 0 0 0 0 0 0
0 0 0 0 0 0 0
0 0 1 0 0 1 0
0 0 0 0 0 0 0
0 0 0 0 0 0 0
0 0 0 0 0 0 0
0 0 1 0 0 1 0
0 0 0 0 0 0 0
0 0 0 0 0 0 0
0 0 0 0 0 0 0
0 0 1 0 0 1 0
0 0 0 0 0 0 0
0 0 0 0 0 0 0
0 0 0 0 0 0 0
0 0 0 0 1 1 0
0 0 0 0 0 0 0
0 0 0 0 0 0 0
0 0 0 0 0 0 0
0 0 1 0 0 1 0
0 0 0 0 0 0 0
0 0 0 0 0 0 0
0 0 0 0 0 0 0
0 0 1 0 0 1 0
0 0 0 0 0 0 0
0 0 0 0 0 0 0
0 0 0 0 0 0 0
0 0 0 0 0 1 0
0 0 0 0 0 0 0
0 0 1 0 0 0 0
0 0 0 0 0 0 0
0 0 0 0 1 1 0
0 0 0 0 0 0 0
0 0 0 0 0 0 0
0 0 0 0 0 0 0
0 0 1 0 0 1 0
0 0 0 0 0 0 0
0 0 0 0 0 0 0
0 0 0 0 0 0 0
0 0 1 0 0 1 0
0 0 0 0 0 0 0
0 0 0 0 0 0 0
0 0 0 0 0 0 0
0 0 1 0 0 1 0
0 0 0 0 0 0 0
0 0 0 0 0 0 0
0 0 0 0 0 0 0
0 0 0 0 1 1 0
0 0 0 0 0 0 0
0 0 0 0 0 0 0
0 0 0 0 0 0 0
0 0 1 0 0 1 0
0 0 0 0 0 0 0
0 0 0 0 0 0 0
0 0 0 0 0 0 0
0 0 1 0 0 1 0
0 0 0 0 0 0 0
0 0 0 0 0 0 0
0 0 0 0 0 0 0
0 0 0 0 0 1 0
0 0 0 0 0 0 0
0 0 1 0 0 0 0
0 0 0 0 0 0 0
0 0 0 0 1 1 0
0 0 0 0 0 0 0
0 0 0 0 0 0 0
0 0 0 0 0 0 0
0 0 0 0 1 0 0
0 0 0 0 0 0 0
0 0 0 0 1 0 0
0 0 0 0 0 0 0
0 0 1 0 0 0 1
0 0 0 0 0 0 0
0 0 0 0 0 0 0
0 0 0 0 0 0 0
1 28 0 0 0 0 0
2 28 0 0 0 0 0
1 42 0 0 0 0 0
2 42 0 0 0 0 0
2 42 0 0 1 0 1
0 0 0 0 0 0 0
1 40 0 0 0 0 0
2 40 0 0 0 0 0
2 40 0 0 0 0 1
0 0 0 0 0 0 0
1 42 1 0 0 0 0
2 42 0 0 0 0 0
2 42 0 0 0 0 1
0 0 0 0 0 0 0
1 42 0 0 0 0 0
2 42 0 0 0 0 0
2 42 1 0 0 0 1
0 0 0 0 0 0 0
0 0 0 0 0 0 0
0 0 0 0 0 0 0
1 40 0 0 1 0 1
2 40 0 0 0 0 0
2 40 0 0 0 0 0
0 0 0 0 0 0 0
1 42 0 0 0 0 1
2 42 0 0 0 0 0
2 42 0 0 0 0 0
0 0 0 0 0 0 0
1 30 1 0 0 0 1
2 30 0 0 0 0 0
2 30 0 0 0 0 0
0 0 0 0 0 0 0
1 28 0 0 0 0 1
2 28 0 0 0 0 0
1 42 0 0 0 0 0
2 42 0 0 0 0 0
2 42 0 0 1 0 1
0 0 0 0 0 0 0
1 40 0 0 0 0 0
2 40 0 0 0 0 0
2 40 0 0 0 0 1
0 0 0 0 0 0 0
1 42 1 0 0 0 0
2 42 0 0 0 0 0
2 42 0 0 0 0 1
0 0 0 0 0 0 0
1 42 0 0 0 0 0
2 42 0 0 0 0 0
2 42 1 0 0 0 1
0 0 0 0 0 0 0
0 0 0 0 0 0 0
0 0 0 0 0 0 0
1 40 0 0 1 0 1
2 40 0 0 0 0 0
2 40 0 0 0 0 0
0 0 0 0 0 0 0
1 42 0 0 0 0 1
2 42 0 0 0 0 0
2 42 0 0 0 0 0
0 0 0 0 0 0 0
1 30 1 0 0 0 1
2 30 0 0 0 0 0
2 30 0 0 0 0 0
0 0 0 0 0 0 0
1 28 0 0 0 0 1
2 28 0 0 0 0 0
1 42 0 0 0 0 0
2 42 0 0 0 0 0
2 42 0 0 1 0 1
0 0 0 0 0 0 0
1 40 0 0 0 0 0
2 40 0 0 0 0 0
2 40 0 0 0 0 1
0 0 0 0 0 0 0
1 42 1 0 0 0 0
2 42 0 0 0 0 0
2 42 0 0 0 0 1
0 0 0 0 0 0 0
1 42 0 0 0 0 0
2 42 0 0 0 0 0
2 42 1 0 0 0 1
0 0 0 0 0 0 0
0 0 0 0 0 0 0
0 0 0 0 0 0 0
1 40 0 0 1 0 1
2 40 0 0 0 0 0
2 40 0 0 0 0 0
0 0 0 0 0 0 0
1 42 0 0 0 0 1
2 42 0 0 0 0 0
2 42 0 0 0 0 0
0 0 0 0 0 0 0
1 30 1 0 0 0 1
2 30 0 0 0 0 0
2 30 0 0 0 0 0
0 0 0 0 0 0 0
1 28 0 0 0 0 1
2 28 0 0 0 0 0
1 42 0 0 0 0 0
2 42 0 0 0 0 0
2 42 0 0 1 0 1
0 0 0 0 0 0 0
1 40 0 0 0 0 0
2 40 0 0 0 0 0
2 40 0 0 0 0 1
0 0 0 0 0 0 0
1 42 1 0 0 0 0
2 42 0 0 0 0 0
2 42 0 0 0 0 1
0 0 0 0 0 0 0
1 42 0 0 0 0 0
2 42 0 0 0 0 0
2 42 1 0 0 0 1
0 0 0 0 0 0 0
0 0 0 0 0 0 0
0 0 0 0 0 0 0
1 40 0 0 1 0 1
2 40 0 0 0 0 0
2 40 0 0 1 0 0
0 0 0 0 0 0 0
1 42 0 0 1 0 0
2 42 0 0 0 0 0
2 42 0 0 0 0 0
0 0 0 0 0 0 0
1 30 1 0 0 1 0
2 30 0 0 0 0 0
2 30 0 0 0 0 0
0 0 0 0 0 0 0
1 28 0 0 0 0 0
2 28 0 0 0 0 0
1 42 0 0 0 0 0
2 42 0 0 0 0 0
2 42 0 0 1 0 1
0 0 0 0 0 0 0
1 40 0 0 0 0 0
2 40 0 0 0 0 0
2 40 0 0 0 0 1
0 0 0 0 0 0 0
1 42 1 0 0 0 0
2 42 0 0 0 0 0
2 42 0 0 0 0 1
0 0 0 0 0 0 0
1 42 0 0 0 0 0
2 42 0 0 0 0 0
2 42 1 0 0 0 1
0 0 0 0 0 0 0
0 0 0 0 0 0 0
0 0 0 0 0 0 0
1 40 0 0 1 0 1
2 40 0 0 0 0 0
2 40 0 0 0 0 0
0 0 0 0 0 0 0
1 42 0 0 0 0 1
2 42 0 0 0 0 0
2 42 0 0 0 0 0
0 0 0 0 0 0 0
1 30 1 0 0 0 1
2 30 0 0 0 0 0
2 30 0 0 0 0 0
0 0 0 0 0 0 0
1 28 0 0 0 0 1
2 28 0 0 0 0 0
1 42 0 0 0 0 0
2 42 0 0 0 0 0
2 42 0 0 1 0 1
0 0 0 0 0 0 0
1 40 0 0 0 0 0
2 40 0 0 0 0 0
2 40 0 0 0 0 1
0 0 0 0 0 0 0
1 42 1 0 0 0 0
2 42 0 0 0 0 0
2 42 0 0 0 0 1
0 0 0 0 0 0 0
1 42 0 0 0 0 0
2 42 0 0 0 0 0
2 42 1 0 0 0 1
0 0 0 0 0 0 0
0 0 0 0 0 0 0
0 0 0 0 0 0 0
1 40 0 0 1 0 1
2 40 0 0 0 0 0
2 40 0 0 0 0 0
0 0 0 0 0 0 0
1 42 0 0 0 0 1
2 42 0 0 0 0 0
2 42 0 0 0 0 0
0 0 0 0 0 0 0
1 30 1 0 0 0 1
2 30 0 0 0 0 0
2 30 0 0 0 0 0
0 0 0 0 0 0 0
1 28 0 0 0 0 1
2 28 0 0 0 0 0
1 42 0 0 0 0 0
2 42 0 0 0 0 0
2 42 0 0 1 0 1
0 0 0 0 0 0 0
1 40 0 0 0 0 0
2 40 0 0 0 0 0
2 40 0 0 0 0 1
0 0 0 0 0 0 0
1 42 1 0 0 0 0
2 42 0 0 0 0 0
2 42 0 0 0 0 1
0 0 0 0 0 0 0
1 42 0 0 0 0 0
2 42 0 0 0 0 0
2 42 1 0 0 0 1
0 0 0 0 0 0 0
0 0 0 0 0 0 0
0 0 0 0 0 0 0
1 40 0 0 1 0 1
2 40 0 0 0 0 0
2 40 0 0 0 0 0
0 0 0 0 0 0 0
1 42 0 0 0 0 1
2 42 0 0 0 0 0
2 42 0 0 0 0 0
0 0 0 0 0 0 0
1 30 1 0 0 0 1
2 30 0 0 0 0 0
2 30 0 0 0 0 0
0 0 0 0 0 0 0
1 28 0 0 0 0 1
2 28 0 0 0 0 0
1 42 0 0 0 0 0
2 42 0 0 0 0 0
2 42 0 0 1 0 1
0 0 0 0 0 0 0
1 40 0 0 0 0 0
2 40 0 0 0 0 0
2 40 0 0 0 0 1
0 0 0 0 0 0 0
1 42 1 0 0 0 0
2 42 0 0 0 0 0
2 42 0 0 0 0 1
0 0 0 0 0 0 0
1 42 0 0 1 0 0
2 42 0 0 0 0 0
2 42 1 0 0 0 1
0 0 0 0 0 0 0
0 0 1 0 0 0 0
0 0 0 0 0 0 0
1 40 0 0 1 0 1
2 40 0 0 0 0 0
2 40 0 0 0 0 0
0 0 0 0 0 0 0
1 42 1 0 0 0 1
2 42 0 0 0 0 0
2 42 0 0 0 0 0
0 0 0 0 0 0 0
1 30 1 0 0 1 0
2 30 0 0 0 0 0
2 30 0 0 0 0 0
0 0 0 0 0 0 0
0 0 1 0 0 1 0
0 0 0 0 0 0 0
0 0 0 0 0 0 0
0 0 0 0 0 0 0
0 0 0 0 1 1 0
0 0 0 0 0 0 0
0 0 0 0 0 0 0
0 0 0 0 0 0 0
0 0 1 0 0 1 0
0 0 0 0 0 0 0
0 0 0 0 0 0 0
0 0 0 0 0 0 0
0 0 1 0 0 1 0
0 0 0 0 0 0 0
0 0 0 0 0 0 0
0 0 0 0 0 0 0
0 0 0 0 0 1 0
0 0 0 0 0 0 0
0 0 1 0 0 0 0
0 0 0 0 0 0 0
0 0 0 0 1 1 0
0 0 0 0 0 0 0
0 0 0 0 0 0 0
0 0 0 0 0 0 0
0 0 1 0 0 1 0
0 0 0 0 0 0 0
0 0 0 0 0 0 0
0 0 0 0 0 0 0
0 0 1 0 0 1 0
0 0 0 0 0 0 0
0 0 0 0 0 0 0
0 0 0 0 0 0 0
0 0 1 0 0 1 0
0 0 0 0 0 0 0
0 0 0 0 0 0 0
0 0 0 0 0 0 0
0 0 0 0 1 1 0
0 0 0 0 0 0 0
0 0 0 0 0 0 0
0 0 0 0 0 0 0
0 0 1 0 0 1 0
0 0 0 0 0 0 0
0 0 0 0 0 0 0
0 0 0 0 0 0 0
0 0 1 0 0 1 0
0 0 0 0 0 0 0
0 0 0 0 0 0 0
0 0 0 0 0 0 0
0 0 0 0 0 1 0
0 0 0 0 0 0 0
0 0 1 0 0 0 0
0 0 0 0 0 0 0
0 0 0 0 1 1 0
0 0 0 0 0 0 0
0 0 0 0 0 0 0
0 0 0 0 0 0 0
0 0 1 0 0 1 0
0 0 0 0 0 0 0
0 0 0 0 0 0 0
0 0 0 0 0 0 0
0 0 1 0 0 1 0
0 0 0 0 0 0 0
0 0 0 0 0 0 0
0 0 0 0 0 0 0
0 0 1 0 0 1 0
0 0 0 0 0 0 0
0 0 0 0 0 0 0
0 0 0 0 0 0 0
0 0 0 0 1 1 0
0 0 0 0 0 0 0
0 0 0 0 0 0 0
0 0 0 0 0 0 0
0 0 1 0 0 1 0
0 0 0 0 0 0 0
0 0 0 0 0 0 0
0 0 0 0 0 0 0
0 0 1 0 0 1 0
0 0 0 0 0 0 0
0 0 0 0 0 0 0
0 0 0 0 0 0 0
0 0 0 0 0 1 0
0 0 0 0 0 0 0
0 0 1 0 0 0 0
0 0 0 0 0 0 0
0 0 0 0 1 1 0
0 0 0 0 0 0 0
0 0 0 0 0 0 0
0 0 0 0 0 0 0
0 0 1 0 0 1 0
0 0 0 0 0 0 0
0 0 0 0 0 0 0
0 0 0 0 0 0 0
0 0 1 0 0 1 0
0 0 0 0 0 0 0
0 0 0 0 0 0 0
0 0 0 0 0 0 0
0 0 1 0 0 1 0
0 0 0 0 0 0 0
0 0 0 0 0 0 0
0 0 0 0 0 0 0
0 0 0 0 1 1 0
0 0 0 0 0 0 0
0 0 0 0 0 0 0
0 0 0 0 0 0 0
0 0 1 0 0 1 0
0 0 0 0 0 0 0
0 0 0 0 0 0 0
0 0 0 0 0 0 0
0 0 1 0 0 1 0
0 0 0 0 0 0 0
0 0 0 0 0 0 0
0 0 0 0 0 0 0
0 0 0 0 0 1 0
0 0 0 0 0 0 0
0 0 1 0 0 0 0
0 0 0 0 0 0 0
0 0 0 0 1 0 0
0 0 0 0 0 0 0
0 0 0 0 1 0 0
0 0 0 0 0 0 0
0 0 0 0 1 1 0
0 0 0 0 0 0 0
0 0 0 0 0 0 0
0 0 0 0 0 0 0
0 0 0 0 0 0 1
0 0 0 0 0 0 0
0 0 0 0 0 0 1
0 0 0 0 0 0 0
0 0 0 0 0 0 1
0 0 0 0 0 0 0
0 0 0 0 0 0 1
0 0 0 0 0 0 0
0 0 0 0 0 0 1
0 0 0 0 0 0 0
0 0 0 0 0 0 1
0 0 0 0 0 0 0
0 0 0 0 0 0 1
0 0 0 0 0 0 0
0 0 0 0 0 0 1
0 0 0 0 0 0 0
0 0 0 0 0 0 1
0 0 0 0 0 0 0
0 0 0 0 0 0 1
0 0 0 0 0 0 0
0 0 0 0 0 0 1
0 0 0 0 0 0 0
0 0 0 0 0 0 1
0 0 0 0 0 0 0
0 0 0 0 0 0 1
0 0 0 0 0 0 0
0 0 0 0 0 0 1
0 0 0 0 0 0 0
0 0 0 0 0 0 1
0 0 0 0 0 0 0
0 0 0 0 0 0 1
0 0 0 0 0 0 0
0 0 0 0 0 0 1
0 0 0 0 0 0 0
0 0 0 0 0 0 1
0 0 0 0 0 0 0
0 0 0 0 0 0 1
0 0 0 0 0 0 0
0 0 0 0 0 0 1
0 0 0 0 0 0 0
0 0 0 0 0 0 1
0 0 0 0 0 0 0
0 0 0 0 0 0 1
0 0 0 0 0 0 0
0 0 0 0 0 0 1
0 0 0 0 0 0 0
0 0 0 0 0 0 1
0 0 0 0 0 0 0
0 0 0 0 0 0 1
0 0 0 0 0 0 0
0 0 0 0 0 0 1
0 0 0 0 0 0 0
0 0 0 0 0 0 1
0 0 0 0 0 0 0
0 0 0 0 0 0 1
0 0 0 0 0 0 0
0 0 0 0 0 0 1
0 0 0 0 0 0 0
0 0 0 0 0 0 1
0 0 0 0 0 0 0
0 0 0 0 0 0 1
0 0 0 0 0 0 0
0 0 0 0 0 0 1
0 0 0 0 0 0 0
0 0 0 0 0 0 1
0 0 0 0 0 0 0
0 0 0 0 0 0 1
0 0 0 0 0 0 0
0 0 0 0 0 0 1
0 0 0 0 0 0 0
0 0 0 0 0 0 1
0 0 0 0 0 0 0
0 0 0 0 0 0 1
0 0 0 0 0 0 0
0 0 0 0 0 0 1
0 0 0 0 0 0 0
0 0 0 0 0 0 1
0 0 0 0 0 0 0
0 0 0 0 0 0 1
0 0 0 0 0 0 0
0 0 0 0 0 0 1
0 0 0 0 0 0 0
0 0 0 0 0 0 1
0 0 0 0 0 0 0
0 0 0 0 0 0 1
0 0 0 0 0 0 0
0 0 0 0 0 0 1
0 0 0 0 0 0 0
0 0 0 0 0 0 1
0 0 0 0 0 0 0
0 0 0 0 0 0 1
0 0 0 0 0 0 0
0 0 0 0 0 0 1
0 0 0 0 0 0 0
0 0 0 0 0 0 1
0 0 0 0 0 0 0
0 0 0 0 0 0 1
0 0 0 0 0 0 0
0 0 0 0 0 0 1
0 0 0 0 0 0 0
0 0 0 0 0 0 1
0 0 0 0 0 0 0
0 0 0 0 0 0 1
0 0 0 0 0 0 0
0 0 0 0 0 0 1
0 0 0 0 0 0 0
0 0 0 0 0 0 1
0 0 0 0 0 0 0
0 0 0 0 0 0 1
0 0 0 0 0 0 0
0 0 0 0 0 0 1
0 0 0 0 0 0 0
0 0 1 0 0 0 1
0 0 0 0 0 0 0
0 0 0 0 0 0 1
0 0 0 0 0 0 0
0 0 1 0 0 0 1
0 0 0 0 0 0 0
0 0 0 0 0 0 1
0 0 0 0 0 0 0
0 0 1 0 0 0 1
0 0 0 0 0 0 0
0 0 0 0 0 0 1
0 0 0 0 0 0 0
0 0 0 0 1 0 0
0 0 0 0 0 0 0
0 0 0 0 1 0 0
0 0 0 0 0 0 0
0 0 1 0 0 1 0
0 0 0 0 0 0 0
0 0 0 0 0 0 0
0 0 0 0 0 0 0
0 0 1 0 0 1 0
0 0 0 0 0 0 0
0 0 0 0 0 0 0
0 0 0 0 0 0 0
0 0 0 0 1 1 0
0 0 0 0 0 0 0
0 0 0 0 0 0 0
0 0 0 0 0 0 0
0 0 1 0 0 1 0
0 0 0 0 0 0 0
0 0 0 0 0 0 0
0 0 0 0 0 0 0
0 0 1 0 0 1 0
0 0 0 0 0 0 0
0 0 0 0 0 0 0
0 0 0 0 0 0 0
0 0 0 0 0 1 0
0 0 0 0 0 0 0
0 0 1 0 0 0 0
0 0 0 0 0 0 0
0 0 0 0 1 1 0
0 0 0 0 0 0 0
0 0 0 0 0 0 0
0 0 0 0 0 0 0
0 0 1 0 0 1 0
0 0 0 0 0 0 0
0 0 0 0 0 0 0
0 0 0 0 0 0 0
0 0 1 0 0 1 0
0 0 0 0 0 0 0
0 0 0 0 0 0 0
0 0 0 0 0 0 0
0 0 1 0 0 1 0
0 0 0 0 0 0 0
0 0 0 0 0 0 0
0 0 0 0 0 0 0
0 0 0 0 1 1 0
0 0 0 0 0 0 0
0 0 0 0 0 0 0
0 0 0 0 0 0 0
0 0 1 0 0 1 0
0 0 0 0 0 0 0
0 0 0 0 0 0 0
0 0 0 0 0 0 0
0 0 1 0 0 1 0
0 0 0 0 0 0 0
0 0 0 0 0 0 0
0 0 0 0 0 0 0
0 0 0 0 0 1 0
0 0 0 0 0 0 0
0 0 1 0 0 0 0
0 0 0 0 0 0 0
0 0 0 0 1 1 0
0 0 0 0 0 0 0
0 0 0 0 0 0 0
0 0 0 0 0 0 0
0 0 1 0 0 1 0
0 0 0 0 0 0 0
0 0 0 0 0 0 0
0 0 0 0 0 0 0
0 0 1 0 0 1 0
0 0 0 0 0 0 0
0 0 0 0 0 0 0
0 0 0 0 0 0 0
0 0 1 0 0 1 0
0 0 0 0 0 0 0
0 0 0 0 0 0 0
0 0 0 0 0 0 0
0 0 0 0 1 1 0
0 0 0 0 0 0 0
0 0 0 0 0 0 0
0 0 0 0 0 0 0
0 0 1 0 0 1 0
0 0 0 0 0 0 0
0 0 0 0 0 0 0
0 0 0 0 0 0 0
0 0 1 0 0 1 0
0 0 0 0 0 0 0
0 0 0 0 0 0 0
0 0 0 0 0 0 0
0 0 0 0 0 1 0
0 0 0 0 0 0 0
0 0 1 0 0 0 0
0 0 0 0 0 0 0
0 0 0 0 1 1 0
0 0 0 0 0 0 0
0 0 0 0 0 0 0
0 0 0 0 0 0 0
0 0 1 0 0 1 0
0 0 0 0 0 0 0
0 0 0 0 0 0 0
0 0 0 0 0 0 0
0 0 1 0 0 1 0
0 0 0 0 0 0 0
0 0 0 0 0 0 0
0 0 0 0 0 0 0
0 0 1 0 0 1 0
0 0 0 0 0 0 0
0 0 0 0 0 0 0
0 0 0 0 0 0 0
0 0 0 0 1 1 0
0 0 0 0 0 0 0
0 0 0 0 0 0 0
0 0 0 0 0 0 0
0 0 1 0 0 1 0
0 0 0 0 0 0 0
0 0 0 0 0 0 0
0 0 0 0 0 0 0
0 0 1 0 0 1 0
0 0 0 0 0 0 0
0 0 0 0 0 0 0
0 0 0 0 0 0 0
0 0 0 0 0 1 0
0 0 0 0 0 0 0
0 0 1 0 0 0 0
0 0 0 0 0 0 0
0 0 0 0 1 1 0
0 0 0 0 0 0 0
0 0 0 0 1 0 0
0 0 0 0 0 0 0
0 0 0 0 1 0 0
0 0 0 0 0 0 0
0 0 0 0 0 0 0
0 0 0 0 0 0 0
0 0 1 1 0 0 0
0 0 0 0 0 0 0
0 0 0 0 0 0 0
0 0 0 0 0 0 0
0 0 0 0 0 0 0
0 0 0 0 0 0 0
0 0 0 0 0 0 0
0 0 0 0 0 0 0
0 0 0 0 0 0 0
0 0 0 0 0 0 0
0 0 0 0 0 0 0
0 0 0 0 0 0 0
0 0 0 0 0 0 0
0 0 0 0 0 0 0
0 0 0 0 0 0 0
0 0 0 0 0 0 0
0 0 0 0 0 0 0
0 0 0 0 0 0 0
0 0 0 0 0 0 0
0 0 0 0 0 0 0
0 0 0 0 0 0 0
0 0 0 0 0 0 0
0 0 0 0 0 0 0
0 0 0 0 0 0 0
0 0 0 0 0 0 0
0 0 0 0 0 0 0
0 0 0 0 0 0 0
0 0 0 0 0 0 0
0 0 0 0 0 0 0
0 0 0 0 0 0 0
0 0 0 0 0 0 0
0 0 0 0 0 0 0
1 35 1 0 0 1 0
2 35 0 0 0 0 0
2 35 0 0 0 0 0
0 0 0 0 0 0 0
1 28 0 0 0 0 0
2 28 0 0 0 0 0
1 47 0 0 0 0 0
2 47 0 0 0 0 0
2 47 0 0 1 0 1
0 0 0 0 0 0 0
1 45 0 0 0 0 0
2 45 0 0 0 0 0
2 45 0 0 0 0 1
0 0 0 0 0 0 0
1 47 1 0 0 0 0
2 47 0 0 0 0 0
2 47 0 0 0 0 1
0 0 0 0 0 0 0
1 47 0 0 0 0 0
2 47 0 0 0 0 0
2 47 1 0 0 0 1
0 0 0 0 0 0 0
0 0 0 0 0 0 0
0 0 0 0 0 0 0
1 45 0 0 1 0 1
2 45 0 0 0 0 0
2 45 0 0 0 0 0
0 0 0 0 0 0 0
1 47 0 0 0 0 1
2 47 0 0 0 0 0
2 47 0 0 0 0 0
0 0 0 0 0 0 0
1 35 1 0 0 0 1
2 35 0 0 0 0 0
2 35 0 0 0 0 0
0 0 0 0 0 0 0
1 28 0 0 0 0 1
2 28 0 0 0 0 0
1 47 0 0 0 0 0
2 47 0 0 0 0 0
2 47 0 0 1 0 1
0 0 0 0 0 0 0
1 45 0 0 0 0 0
2 45 0 0 0 0 0
2 45 0 0 0 0 1
0 0 0 0 0 0 0
1 47 1 0 0 0 0
2 47 0 0 0 0 0
2 47 0 0 0 0 1
0 0 0 0 0 0 0
1 47 0 0 0 0 0
2 47 0 0 0 0 0
2 47 1 0 0 0 1
0 0 0 0 0 0 0
0 0 0 0 0 0 0
0 0 0 0 0 0 0
1 45 0 0 1 0 1
2 45 0 0 0 0 0
2 45 0 0 0 0 0
0 0 0 0 0 0 0
1 47 0 0 0 0 1
2 47 0 0 0 0 0
2 47 0 0 0 0 0
0 0 0 0 0 0 0
1 35 1 0 0 0 1
2 35 0 0 0 0 0
2 35 0 0 0 0 0
0 0 0 0 0 0 0
1 28 0 0 0 0 1
2 28 0 0 0 0 0
1 47 0 0 0 0 0
2 47 0 0 0 0 0
2 47 0 0 1 0 1
0 0 0 0 0 0 0
1 45 0 0 0 0 0
2 45 0 0 0 0 0
2 45 0 0 0 0 1
0 0 0 0 0 0 0
1 47 1 0 0 0 0
2 47 0 0 0 0 0
2 47 0 0 0 0 1
0 0 0 0 0 0 0
1 47 0 0 0 0 0
2 47 0 0 0 0 0
2 47 1 0 0 0 1
0 0 0 0 0 0 0
0 0 0 0 0 0 0
0 0 0 0 0 0 0
1 45 0 0 1 0 1
2 45 0 0 0 0 0
2 45 0 0 0 0 0
0 0 0 0 0 0 0
1 47 0 0 0 0 1
2 47 0 0 0 0 0
2 47 0 0 0 0 0
0 0 0 0 0 0 0
1 35 1 0 0 0 1
2 35 0 0 0 0 0
2 35 0 0 0 0 0
0 0 0 0 0 0 0
1 28 0 0 0 0 1
2 28 0 0 0 0 0
1 47 0 0 0 0 0
2 47 0 0 0 0 0
2 47 0 0 1 0 1
0 0 0 0 0 0 0
1 45 0 0 0 0 0
2 45 0 0 0 0 0
2 45 0 0 0 0 1
0 0 0 0 0 0 0
1 47 1 0 0 0 0
2 47 0 0 0 0 0
2 47 0 0 0 0 1
0 0 0 0 0 0 0
1 47 0 0 1 0 0
2 47 0 0 0 0 0
2 47 1 0 0 0 1
0 0 0 0 0 0 0
0 0 0 0 0 0 0
0 0 0 0 0 0 0
1 45 0 0 1 1 0
2 45 0 0 0 0 0
2 45 0 0 0 0 0
0 0 0 0 0 0 0
1 47 1 0 1 0 0
2 47 0 0 1 0 0
2 47 0 0 1 0 0
0 0 0 0 1 0 0
1 33 1 0 0 1 0
2 33 0 0 0 0 0
2 33 0 0 0 0 0
0 0 0 0 0 0 0
1 28 0 0 0 0 0
2 28 0 0 0 0 0
1 45 0 0 0 0 0
2 45 0 0 0 0 0
2 45 0 0 1 0 1
0 0 0 0 0 0 0
1 43 0 0 0 0 0
2 43 0 0 0 0 0
2 43 0 0 0 0 1
0 0 0 0 0 0 0
1 45 1 0 0 0 0
2 45 0 0 0 0 0
2 45 0 0 0 0 1
0 0 0 0 0 0 0
1 45 0 0 1 0 0
2 45 0 0 0 0 0
2 45 1 0 0 0 1
0 0 0 0 0 0 0
0 0 1 0 0 0 0
0 0 0 0 0 0 0
1 43 0 0 1 0 1
2 43 0 0 0 0 0
2 43 0 0 1 0 0
0 0 0 0 0 0 0
1 45 0 0 1 0 1
2 45 0 0 0 0 0
2 45 0 0 0 0 0
0 0 0 0 0 0 0
1 33 1 0 0 1 0
2 33 0 0 0 0 0
2 33 0 0 0 0 0
0 0 0 0 0 0 0
1 28 0 0 0 0 0
2 28 0 0 0 0 0
1 45 0 0 0 0 0
2 45 0 0 0 0 0
2 45 0 0 1 0 1
0 0 0 0 0 0 0
1 43 0 0 0 0 0
2 43 0 0 0 0 0
2 43 0 0 0 0 1
0 0 0 0 0 0 0
1 45 1 0 0 0 0
2 45 0 0 0 0 0
2 45 0 0 0 0 1
0 0 0 0 0 0 0
1 45 0 0 1 0 0
2 45 0 0 0 0 0
2 45 1 0 0 0 1
0 0 0 0 0 0 0
0 0 1 0 0 0 0
0 0 0 0 0 0 0
1 43 0 0 1 0 1
2 43 0 0 0 0 0
2 43 0 0 1 0 0
0 0 0 0 0 0 0
1 45 0 0 1 0 1
2 45 0 0 0 0 0
2 45 0 0 0 0 0
0 0 0 0 0 0 0
1 30 1 0 0 1 0
2 30 0 0 0 0 0
2 30 0 0 0 0 0
0 0 0 0 0 0 0
1 28 0 0 0 0 0
2 28 0 0 0 0 0
1 42 0 0 0 0 0
2 42 0 0 0 0 0
2 42 0 0 1 0 1
0 0 0 0 0 0 0
1 40 0 0 0 0 0
2 40 0 0 0 0 0
2 40 0 0 0 0 1
0 0 0 0 0 0 0
1 42 1 0 0 0 0
2 42 0 0 0 0 0
2 42 0 0 0 0 1
0 0 0 0 0 0 0
1 42 0 0 0 0 0
2 42 0 0 0 0 0
2 42 1 0 0 0 1
0 0 0 0 0 0 0
0 0 0 0 0 0 0
0 0 0 0 0 0 0
1 40 0 0 1 0 1
2 40 0 0 0 0 0
2 40 0 0 0 0 0
0 0 0 0 0 0 0
1 42 1 0 0 0 1
2 42 0 0 0 0 0
2 42 0 0 0 0 0
0 0 0 0 0 0 0
1 30 1 0 0 0 1
2 30 0 0 0 0 0
2 30 0 0 0 0 0
0 0 0 0 0 0 0
1 28 0 0 0 0 1
2 28 0 0 0 0 0
1 42 1 0 0 0 0
2 42 0 0 0 0 0
2 42 0 0 1 0 1
0 0 0 0 0 0 0
1 40 0 0 0 0 0
2 40 0 0 0 0 0
2 40 0 0 0 0 1
0 0 0 0 0 0 0
1 42 1 0 0 0 0
2 42 0 0 0 0 0
2 42 0 0 0 0 1
0 0 0 0 0 0 0
1 42 0 0 1 0 0
2 42 0 0 0 0 0
2 42 1 0 0 0 1
0 0 0 0 0 0 0
0 0 1 0 0 0 0
0 0 0 0 0 0 0
1 40 0 0 1 0 1
2 40 0 0 0 0 0
2 40 0 0 0 0 0
0 0 0 0 0 0 0
1 42 0 0 1 0 1
2 42 0 0 0 0 0
2 42 0 0 1 0 0
0 0 0 0 0 0 0
1 33 1 0 0 1 0
2 33 0 0 0 0 0
2 33 0 0 0 0 0
0 0 0 0 0 0 0
1 28 0 0 0 0 0
2 28 0 0 0 0 0
1 45 0 0 0 0 0
2 45 0 0 0 0 0
2 45 0 0 1 0 1
0 0 0 0 0 0 0
1 43 0 0 0 0 0
2 43 0 0 0 0 0
2 43 0 0 0 0 1
0 0 0 0 0 0 0
1 45 1 0 0 0 0
2 45 0 0 0 0 0
2 45 0 0 0 0 1
0 0 0 0 0 0 0
1 45 0 0 0 0 0
2 45 0 0 0 0 0
2 45 1 0 0 0 1
0 0 0 0 0 0 0
0 0 0 0 0 0 0
0 0 0 0 0 0 0
1 43 0 0 1 0 1
2 43 0 0 0 0 0
2 43 0 0 0 0 0
0 0 0 0 0 0 0
1 45 1 0 0 0 1
2 45 0 0 0 0 0
2 45 0 0 0 0 0
0 0 0 0 0 0 0
1 35 1 0 0 0 1
2 35 0 0 0 0 0
2 35 0 0 0 0 0
0 0 0 0 0 0 0
1 28 0 0 0 0 1
2 28 0 0 0 0 0
1 47 1 0 0 0 0
2 47 0 0 0 0 0
2 47 0 0 1 0 1
0 0 0 0 0 0 0
1 28 0 0 0 0 0
2 28 0 0 0 0 0
1 40 0 0 0 0 1
2 40 0 0 0 0 0
2 40 1 0 0 0 0
0 0 0 0 0 0 0
0 0 0 0 0 0 1
0 0 0 0 0 0 0
1 47 0 0 1 0 0
2 47 0 0 0 0 0
2 47 1 0 0 0 1
0 0 0 0 0 0 0
0 0 1 0 0 0 0
0 0 0 0 0 0 0
1 38 0 0 1 0 1
2 38 0 0 0 0 0
2 38 0 0 0 0 0
0 0 0 0 0 0 0
0 0 0 0 1 0 1
0 0 0 0 0 0 0
0 0 0 0 1 0 0
0 0 0 0 0 0 0
0 0 1 0 0 1 0
0 0 0 0 0 0 0
0 0 0 0 0 0 0
0 0 0 0 0 0 0
0 0 0 0 0 0 0
0 0 0 0 0 0 0
1 30 1 0 0 0 0
2 30 0 0 0 0 0
2 30 0 0 0 0 1
0 0 0 0 0 0 0
1 30 1 0 0 0 1
2 30 0 0 0 0 0
2 30 0 0 0 0 1
0 0 0 0 0 0 0
1 30 1 0 0 0 1
2 30 0 0 0 0 0
2 30 0 0 0 0 1
0 0 0 0 0 0 0
1 30 1 0 0 0 1
2 30 0 0 0 0 0
2 30 0 0 0 0 1
0 0 0 0 0 0 0
1 30 1 0 0 0 1
2 30 0 0 0 0 0
2 30 1 0 0 0 1
0 0 0 0 0 0 0
0 0 0 0 0 0 1
0 0 0 0 0 0 0
0 0 1 0 0 0 1
0 0 0 0 0 0 0
0 0 0 0 0 0 1
0 0 0 0 0 0 0
0 0 1 0 0 0 1
0 0 0 0 0 0 0
0 0 0 0 0 0 1
0 0 0 0 0 0 0
0 0 0 0 0 0 1
0 0 0 0 0 0 0
1 30 1 0 0 0 1
2 30 0 0 0 0 0
2 30 0 0 0 0 1
0 0 0 0 0 0 0
1 30 1 0 0 0 1
2 30 0 0 0 0 0
2 30 0 0 0 0 1
0 0 0 0 0 0 0
1 30 1 0 0 0 1
2 30 0 0 0 0 0
2 30 0 0 0 0 1
0 0 0 0 0 0 0
1 30 1 0 0 0 1
2 30 0 0 0 0 0
2 30 0 0 0 0 1
0 0 0 0 0 0 0
1 30 1 0 0 0 1
2 30 0 0 0 0 0
2 30 1 0 0 0 1
0 0 0 0 0 0 0
0 0 0 0 0 0 1
0 0 0 0 0 0 0
0 0 1 0 0 0 1
0 0 0 0 0 0 0
0 0 0 0 0 0 1
0 0 0 0 0 0 0
0 0 1 0 0 0 1
0 0 0 0 0 0 0
0 0 0 0 0 0 1
0 0 0 0 0 0 0
0 0 0 0 0 0 1
0 0 0 0 0 0 0
1 30 1 0 0 0 1
2 30 0 0 0 0 0
2 30 0 0 0 0 1
0 0 0 0 0 0 0
1 30 1 0 0 0 1
2 30 0 0 0 0 0
2 30 0 0 0 0 1
0 0 0 0 0 0 0
1 30 1 0 0 0 1
2 30 0 0 0 0 0
2 30 0 0 0 0 1
0 0 0 0 0 0 0
1 30 1 0 0 0 1
2 30 0 0 0 0 0
2 30 0 0 0 0 1
0 0 0 0 0 0 0
1 30 1 0 0 0 1
2 30 0 0 0 0 0
2 30 1 0 0 0 1
0 0 0 0 0 0 0
0 0 0 0 0 0 1
0 0 0 0 0 0 0
0 0 1 0 0 0 1
0 0 0 0 0 0 0
0 0 0 0 0 0 1
0 0 0 0 0 0 0
0 0 1 0 0 0 1
0 0 0 0 0 0 0
0 0 0 0 0 0 1
0 0 0 0 0 0 0
0 0 0 0 0 0 1
0 0 0 0 0 0 0
1 30 1 0 0 0 1
2 30 0 0 0 0 0
2 30 0 0 0 0 1
0 0 0 0 0 0 0
1 30 1 0 0 0 1
2 30 0 0 0 0 0
2 30 0 0 0 0 1
0 0 0 0 0 0 0
1 30 1 0 0 0 1
2 30 0 0 0 0 0
2 30 0 0 0 0 1
0 0 0 0 0 0 0
1 30 1 0 0 0 1
2 30 0 0 0 0 0
2 30 0 0 0 0 1
0 0 0 0 0 0 0
1 30 1 0 0 0 1
2 30 0 0 0 0 0
2 30 1 0 0 0 1
0 0 0 0 0 0 0
0 0 0 0 0 0 1
0 0 0 0 0 0 0
0 0 1 0 0 0 1
0 0 0 0 0 0 0
0 0 0 0 0 0 1
0 0 0 0 0 0 0
0 0 1 0 0 0 1
0 0 0 0 0 0 0
0 0 0 0 0 0 1
0 0 0 0 0 0 0
1 28 0 0 0 0 1
2 28 0 0 0 0 0
1 42 0 0 0 0 1
2 42 0 0 0 0 0
2 42 0 0 1 0 0
0 0 0 0 0 0 0
1 40 0 0 0 0 1
2 40 0 0 0 0 0
2 40 0 0 0 0 1
0 0 0 0 0 0 0
1 42 1 0 0 0 1
2 42 0 0 0 0 0
2 42 0 0 0 0 1
0 0 0 0 0 0 0
1 42 0 0 0 0 1
2 42 0 0 0 0 0
2 42 1 0 0 0 1
0 0 0 0 0 0 0
0 0 0 0 0 0 1
0 0 0 0 0 0 0
1 40 0 0 1 0 0
2 40 0 0 0 0 0
2 40 0 0 0 0 1
0 0 0 0 0 0 0
1 42 0 0 0 0 1
2 42 0 0 0 0 0
2 42 0 0 0 0 1
0 0 0 0 0 0 0
1 30 1 0 0 0 1
2 30 0 0 0 0 0
2 30 0 0 0 0 1
0 0 0 0 0 0 0
1 28 0 0 0 0 1
2 28 0 0 0 0 0
1 42 0 0 0 0 1
2 42 0 0 0 0 0
2 42 0 0 1 0 0
0 0 0 0 0 0 0
1 40 0 0 0 0 1
2 40 0 0 0 0 0
2 40 0 0 0 0 1
0 0 0 0 0 0 0
1 42 1 0 0 0 1
2 42 0 0 0 0 0
2 42 0 0 0 0 1
0 0 0 0 0 0 0
1 42 0 0 0 0 1
2 42 0 0 0 0 0
2 42 1 0 0 0 1
0 0 0 0 0 0 0
0 0 0 0 0 0 1
0 0 0 0 0 0 0
1 40 0 0 1 0 0
2 40 0 0 0 0 0
2 40 0 0 0 0 1
0 0 0 0 0 0 0
1 42 0 0 0 0 1
2 42 0 0 0 0 0
2 42 0 0 0 0 1
0 0 0 0 0 0 0
1 30 1 0 0 0 1
2 30 0 0 0 0 0
2 30 0 0 0 0 1
0 0 0 0 0 0 0
1 28 0 0 0 0 1
2 28 0 0 0 0 0
1 42 0 0 0 0 1
2 42 0 0 0 0 0
2 42 0 0 1 0 0
0 0 0 0 0 0 0
1 40 0 0 0 0 1
2 40 0 0 0 0 0
2 40 0 0 0 0 1
0 0 0 0 0 0 0
1 42 1 0 0 0 1
2 42 0 0 0 0 0
2 42 0 0 0 0 1
0 0 0 0 0 0 0
1 42 0 0 0 0 1
2 42 0 0 0 0 0
2 42 1 0 0 0 1
0 0 0 0 0 0 0
0 0 0 0 0 0 1
0 0 0 0 0 0 0
1 40 0 0 1 0 0
2 40 0 0 0 0 0
2 40 0 0 0 0 1
0 0 0 0 0 0 0
1 42 0 0 0 0 1
2 42 0 0 0 0 0
2 42 0 0 0 0 1
0 0 0 0 0 0 0
1 30 1 0 0 0 1
2 30 0 0 0 0 0
2 30 0 0 0 0 1
0 0 0 0 0 0 0
1 28 0 0 0 0 1
2 28 0 0 0 0 0
1 42 0 0 0 0 1
2 42 0 0 0 0 0
2 42 0 0 1 0 0
0 0 0 0 0 0 0
1 28 0 0 0 0 1
2 28 0 0 0 0 0
1 47 0 0 0 0 1
2 47 0 0 0 0 0
2 47 1 0 0 0 1
0 0 0 0 0 0 0
0 0 0 0 0 0 1
0 0 0 0 0 0 0
1 47 0 0 0 0 1
2 47 0 0 0 0 0
2 47 1 0 0 0 1
0 0 0 0 0 0 0
1 28 0 0 0 0 1
2 28 0 0 0 0 0
1 47 0 0 1 0 0
2 47 0 0 0 0 0
2 47 0 0 0 0 1
0 0 0 0 0 0 0
0 0 0 0 0 0 1
0 0 0 0 0 0 0
0 0 0 0 0 0 1
0 0 0 0 0 0 0
1 30 1 0 0 0 1
2 30 0 0 0 0 0
2 30 0 0 0 0 1
0 0 0 0 0 0 0
1 28 0 0 0 0 1
2 28 0 0 0 0 0
1 42 0 0 0 0 1
2 42 0 0 0 0 0
2 42 0 0 1 0 0
0 0 0 0 0 0 0
1 40 0 0 0 0 1
2 40 0 0 0 0 0
2 40 0 0 0 0 1
0 0 0 0 0 0 0
1 42 1 0 0 0 1
2 42 0 0 0 0 0
2 42 0 0 0 0 1
0 0 0 0 0 0 0
1 42 0 0 0 0 1
2 42 0 0 0 0 0
2 42 1 0 0 0 1
0 0 0 0 0 0 0
0 0 0 0 0 0 1
0 0 0 0 0 0 0
1 40 0 0 1 0 0
2 40 0 0 0 0 0
2 40 0 0 0 0 1
0 0 0 0 0 0 0
1 42 0 0 0 0 1
2 42 0 0 0 0 0
2 42 0 0 0 0 1
0 0 0 0 0 0 0
1 30 1 0 0 0 1
2 30 0 0 0 0 0
2 30 0 0 0 0 1
0 0 0 0 0 0 0
1 28 0 0 0 0 1
2 28 0 0 0 0 0
1 42 0 0 0 0 1
2 42 0 0 0 0 0
2 42 0 0 1 0 0
0 0 0 0 0 0 0
1 40 0 0 0 0 1
2 40 0 0 0 0 0
2 40 0 0 0 0 1
0 0 0 0 0 0 0
1 42 1 0 0 0 1
2 42 0 0 0 0 0
2 42 0 0 0 0 1
0 0 0 0 0 0 0
1 42 0 0 0 0 1
2 42 0 0 0 0 0
2 42 1 0 0 0 1
0 0 0 0 0 0 0
0 0 0 0 0 0 1
0 0 0 0 0 0 0
1 40 0 0 1 0 0
2 40 0 0 0 0 0
2 40 0 0 0 0 1
0 0 0 0 0 0 0
1 42 0 0 0 0 1
2 42 0 0 0 0 0
2 42 0 0 0 0 1
0 0 0 0 0 0 0
1 30 1 0 0 0 1
2 30 0 0 0 0 0
2 30 0 0 0 0 1
0 0 0 0 0 0 0
1 28 0 0 0 0 1
2 28 0 0 0 0 0
1 42 0 0 0 0 1
2 42 0 0 0 0 0
2 42 0 0 1 0 0
0 0 0 0 0 0 0
1 40 0 0 0 0 1
2 40 0 0 0 0 0
2 40 0 0 0 0 1
0 0 0 0 0 0 0
1 42 1 0 0 0 1
2 42 0 0 0 0 0
2 42 0 0 0 0 1
0 0 0 0 0 0 0
1 42 0 0 0 0 1
2 42 0 0 0 0 0
2 42 1 0 0 0 1
0 0 0 0 0 0 0
0 0 0 0 0 0 1
0 0 0 0 0 0 0
1 42 0 0 1 0 0
2 42 0 0 0 0 0
2 42 0 0 0 0 1
2 42 0 0 0 0 0
2 42 0 0 0 0 1
2 42 0 0 0 0 0
2 42 0 0 0 0 1
2 42 0 0 0 0 0
2 42 1 0 0 0 1
0 0 0 0 0 0 0
0 0 0 0 0 0 1
0 0 0 0 0 0 0
0 0 0 0 0 0 1
0 0 0 0 0 0 0
0 0 0 0 0 0 1
0 0 0 0 0 0 0
0 0 0 0 1 0 0
0 0 0 0 0 0 0
0 0 0 0 0 0 1
0 0 0 0 0 0 0
1 40 0 0 0 0 1
2 40 0 0 0 0 0
2 40 1 0 0 0 1
0 0 0 0 0 0 0
0 0 0 0 0 0 1
0 0 0 0 0 0 0
1 42 0 0 0 0 1
2 42 0 0 0 0 0
2 42 1 0 0 0 1
0 0 0 0 0 0 0
0 0 0 0 0 0 1
0 0 0 0 0 0 0
0 0 0 0 1 0 0
0 0 0 0 0 0 0
1 42 0 0 0 0 1
2 42 0 0 0 0 0
2 42 0 0 0 0 1
0 0 0 0 0 0 0
0 0 0 0 0 0 1
0 0 0 0 0 0 0
0 0 1 0 0 0 1
0 0 0 0 0 0 0
0 0 0 0 0 0 1
0 0 0 0 0 0 0
1 28 0 0 0 0 1
2 28 0 0 0 0 0
1 42 0 0 0 0 1
2 42 0 0 0 0 0
2 42 0 0 1 0 0
0 0 0 0 0 0 0
1 40 0 0 0 0 1
2 40 0 0 0 0 0
2 40 0 0 0 0 1
0 0 0 0 0 0 0
1 42 1 0 0 0 1
2 42 0 0 0 0 0
2 42 0 0 0 0 1
0 0 0 0 0 0 0
1 42 0 0 0 0 1
2 42 0 0 0 0 0
2 42 1 0 0 0 1
0 0 0 0 0 0 0
0 0 0 0 0 0 1
0 0 0 0 0 0 0
1 40 0 0 1 0 0
2 40 0 0 0 0 0
2 40 0 0 0 0 1
0 0 0 0 0 0 0
1 42 0 0 0 0 1
2 42 0 0 0 0 0
2 42 0 0 0 0 1
0 0 0 0 0 0 0
1 30 1 0 0 0 1
2 30 0 0 0 0 0
2 30 0 0 0 0 1
0 0 0 0 0 0 0
1 28 0 0 0 0 1
2 28 0 0 0 0 0
1 42 0 0 0 0 1
2 42 0 0 0 0 0
2 42 0 0 1 0 0
0 0 0 0 0 0 0
1 40 0 0 0 0 1
2 40 0 0 0 0 0
2 40 0 0 0 0 1
0 0 0 0 0 0 0
1 42 1 0 0 0 1
2 42 0 0 0 0 0
2 42 0 0 0 0 1
0 0 0 0 0 0 0
1 45 0 0 0 0 1
2 45 0 0 0 0 0
2 45 1 0 0 0 1
0 0 0 0 0 0 0
0 0 0 0 0 0 1
0 0 0 0 0 0 0
0 0 0 0 1 0 0
0 0 0 0 0 0 0
1 40 0 0 0 0 1
2 40 0 0 0 0 0
2 40 0 0 0 0 1
0 0 0 0 0 0 0
0 0 0 0 0 0 1
0 0 0 0 0 0 0
0 0 1 0 0 0 1
0 0 0 0 0 0 0
0 0 0 0 0 0 1
0 0 0 0 0 0 0
1 28 0 0 0 0 1
2 28 0 0 0 0 0
1 42 0 0 0 0 1
2 42 0 0 0 0 0
2 42 0 0 1 0 0
0 0 0 0 0 0 0
1 40 0 0 0 0 1
2 40 0 0 0 0 0
2 40 0 0 0 0 1
0 0 0 0 0 0 0
1 42 1 0 0 0 1
2 42 0 0 0 0 0
2 42 0 0 0 0 1
0 0 0 0 0 0 0
1 42 0 0 0 0 1
2 42 0 0 0 0 0
2 42 1 0 0 0 1
0 0 0 0 0 0 0
0 0 0 0 0 0 1
0 0 0 0 0 0 0
1 40 0 0 1 0 0
2 40 0 0 0 0 0
2 40 0 0 0 0 1
0 0 0 0 0 0 0
1 42 0 0 0 0 1
2 42 0 0 0 0 0
2 42 0 0 0 0 1
0 0 0 0 0 0 0
1 30 1 0 0 0 1
2 30 0 0 0 0 0
2 30 0 0 0 0 1
0 0 0 0 0 0 0
1 28 0 0 0 0 1
2 28 0 0 0 0 0
1 42 0 0 0 0 1
2 42 0 0 0 0 0
2 42 0 0 1 0 0
0 0 0 0 0 0 0
1 40 0 0 0 0 1
2 40 0 0 0 0 0
2 40 0 0 0 0 1
0 0 0 0 0 0 0
1 42 1 0 0 0 1
2 42 0 0 0 0 0
2 42 0 0 0 0 1
0 0 0 0 0 0 0
1 42 0 0 0 0 1
2 42 0 0 0 0 0
2 42 1 0 0 0 1
0 0 0 0 0 0 0
0 0 0 0 0 0 1
0 0 0 0 0 0 0
1 40 0 0 1 0 0
2 40 0 0 0 0 0
2 40 0 0 0 0 1
0 0 0 0 0 0 0
1 42 0 0 0 0 1
2 42 0 0 0 0 0
2 42 0 0 0 0 1
0 0 0 0 0 0 0
1 30 1 0 0 0 1
2 30 0 0 0 0 0
2 30 0 0 0 0 1
0 0 0 0 0 0 0
1 28 0 0 0 0 1
2 28 0 0 0 0 0
1 42 0 0 0 0 1
2 42 0 0 0 0 0
2 42 0 0 1 0 0
0 0 0 0 0 0 0
1 40 0 0 0 0 1
2 40 0 0 0 0 0
2 40 0 0 0 0 1
0 0 0 0 0 0 0
1 42 1 0 0 0 1
2 42 0 0 0 0 0
2 42 0 0 0 0 1
0 0 0 0 0 0 0
1 42 0 0 0 0 1
2 42 0 0 0 0 0
2 42 1 0 0 0 1
0 0 0 0 0 0 0
0 0 0 0 0 0 1
0 0 0 0 0 0 0
1 40 0 0 1 0 0
2 40 0 0 0 0 0
2 40 0 0 0 0 1
0 0 0 0 0 0 0
1 42 0 0 0 0 1
2 42 0 0 0 0 0
2 42 0 0 0 0 1
0 0 0 0 0 0 0
1 30 1 0 0 0 1
2 30 0 0 0 0 0
2 30 0 0 0 0 1
0 0 0 0 0 0 0
1 28 0 0 0 0 1
2 28 0 0 0 0 0
1 42 0 0 0 0 1
2 42 0 0 0 0 0
2 42 0 0 1 0 0
0 0 0 0 0 0 0
1 40 0 0 0 0 1
2 40 0 0 0 0 0
2 40 0 0 0 0 1
0 0 0 0 0 0 0
1 42 1 0 0 0 1
2 42 0 0 0 0 0
2 42 0 0 0 0 1
0 0 0 0 0 0 0
0 0 0 0 0 0 1
0 0 0 0 0 0 0
1 39 1 0 0 0 1
2 39 0 0 0 0 0
2 39 0 0 0 0 1
0 0 0 0 0 0 0
1 37 0 0 1 0 0
2 37 0 0 0 0 0
2 37 0 0 0 0 1
0 0 0 0 0 0 0
1 35 0 0 0 0 1
2 35 0 0 0 0 0
2 35 0 0 0 0 1
0 0 0 0 0 0 0
1 30 1 0 0 0 1
2 30 0 0 0 0 0
2 30 0 0 0 0 1
0 0 0 0 0 0 0
1 28 0 0 0 0 1
2 28 0 0 0 0 0
1 42 0 0 0 0 1
2 42 0 0 0 0 0
2 42 0 0 1 0 0
0 0 0 0 0 0 0
1 40 0 0 0 0 1
2 40 0 0 0 0 0
2 40 0 0 0 0 1
0 0 0 0 0 0 0
1 42 1 0 0 0 1
2 42 0 0 0 0 0
2 42 0 0 0 0 1
0 0 0 0 0 0 0
1 42 0 0 0 0 1
2 42 0 0 0 0 0
2 42 1 0 0 0 1
0 0 0 0 0 0 0
0 0 0 0 0 0 1
0 0 0 0 0 0 0
1 45 0 0 1 0 0
2 45 0 0 0 0 0
2 45 0 0 0 0 1
0 0 0 0 0 0 0
1 42 0 0 0 0 1
2 42 0 0 0 0 0
2 42 0 0 0 0 1
0 0 0 0 0 0 0
1 30 1 0 0 0 1
2 30 0 0 0 0 0
2 30 0 0 0 0 1
0 0 0 0 0 0 0
1 28 0 0 0 0 1
2 28 0 0 0 0 0
1 42 0 0 0 0 1
2 42 0 0 0 0 0
2 42 0 0 1 0 0
0 0 0 0 0 0 0
1 40 0 0 0 0 1
2 40 0 0 0 0 0
2 40 0 0 0 0 1
0 0 0 0 0 0 0
1 42 1 0 0 0 1
2 42 0 0 0 0 0
2 42 0 0 0 0 1
0 0 0 0 0 0 0
1 42 0 0 0 0 1
2 42 0 0 0 0 0
2 42 1 0 0 0 1
0 0 0 0 0 0 0
0 0 0 0 0 0 1
0 0 0 0 0 0 0
1 40 0 0 1 0 0
2 40 0 0 0 0 0
2 40 0 0 0 0 1
0 0 0 0 0 0 0
1 42 0 0 0 0 1
2 42 0 0 0 0 0
2 42 0 0 0 0 1
0 0 0 0 0 0 0
1 30 1 0 0 0 1
2 30 0 0 0 0 0
2 30 0 0 0 0 1
0 0 0 0 0 0 0
1 28 0 0 0 0 1
2 28 0 0 0 0 0
1 42 0 0 0 0 1
2 42 0 0 0 0 0
2 42 0 0 1 0 0
0 0 0 0 0 0 0
1 40 0 0 0 0 1
2 40 0 0 0 0 0
2 40 0 0 0 0 1
0 0 0 0 0 0 0
1 42 1 0 0 0 1
2 42 0 0 0 0 0
2 42 0 0 0 0 1
0 0 0 0 0 0 0
1 42 0 0 0 0 1
2 42 0 0 0 0 0
2 42 1 0 0 0 1
0 0 0 0 0 0 0
0 0 0 0 0 0 1
0 0 0 0 0 0 0
1 40 0 0 1 0 0
2 40 0 0 0 0 0
2 40 0 0 0 0 1
0 0 0 0 0 0 0
1 42 0 0 0 0 1
2 42 0 0 0 0 0
2 42 0 0 0 0 1
0 0 0 0 0 0 0
1 30 1 0 0 0 1
2 30 0 0 0 0 0
2 30 0 0 0 0 1
0 0 0 0 0 0 0
1 28 0 0 0 0 1
2 28 0 0 0 0 0
1 42 0 0 0 0 1
2 42 0 0 0 0 0
2 42 0 0 1 0 0
0 0 0 0 0 0 0
1 40 0 0 0 0 1
2 40 0 0 0 0 0
2 40 0 0 0 0 1
0 0 0 0 0 0 0
1 42 1 0 0 0 1
2 42 0 0 0 0 0
2 42 0 0 0 0 1
0 0 0 0 0 0 0
1 42 0 0 0 0 1
2 42 0 0 0 0 0
2 42 1 0 0 0 1
0 0 0 0 0 0 0
0 0 0 0 0 0 1
0 0 0 0 0 0 0
1 40 0 0 1 0 0
2 40 0 0 0 0 0
2 40 0 0 0 0 1
0 0 0 0 0 0 0
1 42 0 0 0 0 1
2 42 0 0 0 0 0
2 42 0 0 0 0 1
0 0 0 0 0 0 0
1 30 1 0 0 0 1
2 30 0 0 0 0 0
2 30 0 0 0 0 1
0 0 0 0 0 0 0
1 28 0 0 0 0 1
2 28 0 0 0 0 0
1 42 0 0 0 0 1
2 42 0 0 0 0 0
2 42 0 0 1 0 0
0 0 0 0 0 0 0
1 40 0 0 0 0 1
2 40 0 0 0 0 0
2 40 0 0 0 0 1
0 0 0 0 0 0 0
1 42 1 0 0 0 1
2 42 0 0 0 0 0
2 42 0 0 0 0 1
0 0 0 0 0 0 0
1 42 0 0 0 0 1
2 42 0 0 0 0 0
2 42 1 0 0 0 1
0 0 0 0 0 0 0
0 0 0 0 0 0 1
0 0 0 0 0 0 0
1 40 0 0 1 0 0
2 40 0 0 0 0 0
2 40 0 0 0 0 1
0 0 0 0 0 0 0
1 42 0 0 0 0 1
2 42 0 0 0 0 0
2 42 0 0 0 0 1
0 0 0 0 0 0 0
1 30 1 0 0 0 1
2 30 0 0 0 0 0
2 30 0 0 0 0 1
0 0 0 0 0 0 0
1 28 0 0 0 0 1
2 28 0 0 0 0 0
1 42 0 0 0 0 1
2 42 0 0 0 0 0
2 42 0 0 1 0 0
0 0 0 0 0 0 0
1 40 0 0 0 0 1
2 40 0 0 0 0 0
2 40 0 0 0 0 1
0 0 0 0 0 0 0
1 42 1 0 0 0 1
2 42 0 0 0 0 0
2 42 0 0 0 0 1
0 0 0 0 0 0 0
1 42 0 0 0 0 1
2 42 0 0 0 0 0
2 42 1 0 0 0 1
0 0 0 0 0 0 0
0 0 0 0 0 0 1
0 0 0 0 0 0 0
1 40 0 0 1 0 0
2 40 0 0 0 0 0
2 40 0 0 0 0 1
0 0 0 0 0 0 0
1 42 0 0 0 0 1
2 42 0 0 0 0 0
2 42 0 0 0 0 1
0 0 0 0 0 0 0
1 30 1 0 0 0 1
2 30 0 0 0 0 0
2 30 0 0 0 0 1
0 0 0 0 0 0 0
1 28 0 0 0 0 1
2 28 0 0 0 0 0
1 42 0 0 0 0 1
2 42 0 0 0 0 0
2 42 0 0 0 0 1
0 0 0 0 0 0 0
1 40 0 0 0 0 1
2 40 0 0 0 0 0
2 40 0 0 0 0 1
0 0 0 0 0 0 0
1 42 1 0 0 0 1
2 42 0 0 0 0 0
2 42 0 0 0 0 1
0 0 0 0 0 0 0
1 42 0 0 0 0 1
2 42 0 0 0 0 0
2 42 1 0 0 0 1
0 0 0 0 0 0 0
0 0 0 0 0 0 1
0 0 0 0 0 0 0
1 40 0 0 1 0 0
2 40 0 0 0 0 0
2 40 0 0 1 0 0
0 0 0 0 0 0 0
1 42 1 0 1 0 0
2 42 0 0 0 0 0
2 42 0 0 1 0 0
0 0 0 0 0 0 0
1 30 1 0 0 1 0
2 30 0 0 0 0 0
2 30 0 0 0 0 0
0 0 0 0 0 0 0
0 0 1 0 0 1 0
0 0 0 0 0 0 0
0 0 0 0 0 0 0
0 0 0 0 0 0 0
0 0 0 0 1 1 0
0 0 0 0 0 0 0
0 0 0 0 0 0 0
0 0 0 0 0 0 0
0 0 1 0 0 1 0
0 0 0 0 0 0 0
0 0 0 0 0 0 0
0 0 0 0 0 0 0
0 0 1 0 0 1 0
0 0 0 0 0 0 0
0 0 0 0 0 0 0
0 0 0 0 0 0 0
0 0 0 0 0 1 0
0 0 0 0 0 0 0
0 0 1 0 0 0 0
0 0 0 0 0 0 0
0 0 0 0 1 1 0
0 0 0 0 0 0 0
0 0 0 0 0 0 0
0 0 0 0 0 0 0
0 0 1 0 0 1 0
0 0 0 0 0 0 0
0 0 0 0 0 0 0
0 0 0 0 0 0 0
0 0 1 0 0 1 0
0 0 0 0 0 0 0
0 0 0 0 0 0 0
0 0 0 0 0 0 0
0 0 1 0 0 1 0
0 0 0 0 0 0 0
0 0 0 0 0 0 0
0 0 0 0 0 0 0
0 0 0 0 1 1 0
0 0 0 0 0 0 0
0 0 0 0 0 0 0
0 0 0 0 0 0 0
0 0 1 0 0 1 0
0 0 0 0 0 0 0
0 0 0 0 0 0 0
0 0 0 0 0 0 0
0 0 1 0 0 1 0
0 0 0 0 0 0 0
0 0 0 0 0 0 0
0 0 0 0 0 0 0
0 0 0 0 0 1 0
0 0 0 0 0 0 0
0 0 1 0 0 0 0
0 0 0 0 0 0 0
0 0 0 0 1 1 0
0 0 0 0 0 0 0
0 0 0 0 0 0 0
0 0 0 0 0 0 0
0 0 1 0 0 1 0
0 0 0 0 0 0 0
0 0 0 0 0 0 0
0 0 0 0 0 0 0
0 0 1 0 0 1 0
0 0 0 0 0 0 0
0 0 0 0 0 0 0
0 0 0 0 0 0 0
0 0 1 0 0 1 0
0 0 0 0 0 0 0
0 0 0 0 0 0 0
0 0 0 0 0 0 0
0 0 0 0 1 1 0
0 0 0 0 0 0 0
0 0 0 0 0 0 0
0 0 0 0 0 0 0
0 0 1 0 0 1 0
0 0 0 0 0 0 0
0 0 0 0 0 0 0
0 0 0 0 0 0 0
0 0 1 0 0 1 0
0 0 0 0 0 0 0
0 0 0 0 0 0 0
0 0 0 0 0 0 0
0 0 0 0 0 1 0
0 0 0 0 0 0 0
0 0 0 0 0 0 0
0 0 0 0 0 0 0
0 0 0 0 1 1 0
0 0 0 0 0 0 0
0 0 0 0 0 0 0
0 0 0 0 0 0 0
0 0 1 0 0 1 0
0 0 0 0 0 0 0
0 0 0 0 0 0 0
0 0 0 0 0 0 0
0 0 1 0 0 1 0
0 0 0 0 0 0 0
0 0 0 0 0 0 0
0 0 0 0 0 0 0
0 0 1 0 0 1 0
0 0 0 0 0 0 0
0 0 0 0 0 0 0
0 0 0 0 0 0 0
0 0 0 0 1 1 0
0 0 0 0 0 0 0
0 0 0 0 0 0 0
0 0 0 0 0 0 0
0 0 0 0 1 0 0
0 0 0 0 0 0 0
0 0 0 0 1 0 0
0 0 0 0 0 0 0
0 0 0 0 1 0 0
0 0 0 0 0 0 0
0 0 0 1 0 0 0
0 0 0 0 0 0 0
0 0 0 0 1 0 0
0 0 0 0 0 0 0
0 0 0 0 1 0 0
0 0 0 0 0 0 0
0 0 0 0 1 0 0
0 0 0 0 0 0 0
0 0 0 0 1 0 0
0 0 0 0 0 0 0
0 0 0 0 1 0 0
0 0 0 0 1 0 0
0 0 0 0 1 0 0
0 0 0 0 0 0 0
0 0 1 0 0 1 0
0 0 0 0 0 0 0
0 0 0 0 0 0 0
0 0 0 0 0 0 0
0 0 1 0 0 1 0
0 0 0 0 0 0 0
0 0 0 0 0 0 0
0 0 0 0 0 0 0
0 0 0 0 1 1 0
0 0 0 0 0 0 0
0 0 0 0 0 0 0
0 0 0 0 0 0 0
0 0 1 0 0 1 0
0 0 0 0 0 0 0
0 0 0 0 0 0 0
0 0 0 0 0 0 0
0 0 1 0 0 1 0
0 0 0 0 0 0 0
0 0 0 0 0 0 0
0 0 0 0 0 0 0
0 0 0 0 0 1 0
0 0 0 0 0 0 0
0 0 1 0 0 0 0
0 0 0 0 0 0 0
0 0 0 0 1 1 0
0 0 0 0 0 0 0
0 0 0 0 0 0 0
0 0 0 0 0 0 0
0 0 1 0 0 1 0
0 0 0 0 0 0 0
0 0 0 0 0 0 0
0 0 0 0 0 0 0
0 0 1 0 0 1 0
0 0 0 0 0 0 0
0 0 0 0 0 0 0
0 0 0 0 0 0 0
0 0 1 0 0 1 0
0 0 0 0 0 0 0
0 0 0 0 0 0 0
0 0 0 0 0 0 0
0 0 0 0 1 1 0
0 0 0 0 0 0 0
0 0 0 0 0 0 0
0 0 0 0 0 0 0
0 0 1 0 0 1 0
0 0 0 0 0 0 0
0 0 0 0 0 0 0
0 0 0 0 0 0 0
0 0 1 0 0 1 0
0 0 0 0 0 0 0
0 0 0 0 0 0 0
0 0 0 0 0 0 0
0 0 0 0 0 1 0
0 0 0 0 0 0 0
0 0 1 0 0 0 0
0 0 0 0 0 0 0
0 0 0 0 1 1 0
0 0 0 0 0 0 0
0 0 0 0 0 0 0
0 0 0 0 0 0 0
0 0 1 0 0 1 0
0 0 0 0 0 0 0
0 0 0 0 0 0 0
0 0 0 0 0 0 0
0 0 1 0 0 1 0
0 0 0 0 0 0 0
0 0 0 0 0 0 0
0 0 0 0 0 0 0
0 0 1 0 0 1 0
0 0 0 0 0 0 0
0 0 0 0 0 0 0
0 0 0 0 0 0 0
0 0 0 0 1 1 0
0 0 0 0 0 0 0
0 0 0 0 0 0 0
0 0 0 0 0 0 0
0 0 1 0 0 1 0
0 0 0 0 0 0 0
0 0 0 0 0 0 0
0 0 0 0 0 0 0
0 0 1 0 0 1 0
0 0 0 0 0 0 0
0 0 0 0 0 0 0
0 0 0 0 0 0 0
0 0 0 0 0 1 0
0 0 0 0 0 0 0
0 0 0 0 0 0 0
0 0 0 0 0 0 0
0 0 0 0 1 1 0
0 0 0 0 0 0 0
0 0 0 0 0 0 0
0 0 0 0 0 0 0
0 0 1 0 0 1 0
0 0 0 0 0 0 0
0 0 0 0 0 0 0
0 0 0 0 0 0 0
0 0 1 0 0 1 0
0 0 0 0 0 0 0
0 0 0 0 0 0 0
0 0 0 0 0 0 0
0 0 1 0 0 1 0
0 0 0 0 0 0 0
0 0 0 0 0 0 0
0 0 0 0 0 0 0
0 0 0 0 1 1 0
0 0 0 0 0 0 0
0 0 0 0 0 0 0
0 0 0 0 0 0 0
0 0 1 0 0 1 0
0 0 0 0 0 0 0
0 0 0 0 0 0 0
0 0 0 0 0 0 0
0 0 1 0 0 1 0
0 0 0 0 0 0 0
0 0 0 0 0 0 0
0 0 0 0 0 0 0
0 0 0 0 0 1 0
0 0 0 0 0 0 0
0 0 1 0 0 0 0
0 0 0 0 0 0 0
0 0 0 0 1 1 0
0 0 0 0 0 0 0
0 0 0 0 0 0 0
0 0 0 0 0 0 0
0 0 1 0 0 1 0
0 0 0 0 0 0 0
0 0 0 0 0 0 0
0 0 0 0 0 0 0
0 0 0 0 1 0 0
0 0 0 0 0 0 0
0 0 0 0 0 0 0
0 0 0 0 0 0 0
1 30 0 0 1 0 0
2 30 0 0 0 0 0
2 30 1 0 0 1 0
0 0 0 0 0 0 0
0 0 0 0 0 0 0
0 0 0 0 0 0 0
1 30 1 0 0 1 0
2 30 0 0 0 0 0
2 30 0 0 0 0 0
0 0 0 0 0 0 0
0 0 0 0 0 0 0
0 0 0 0 0 0 0
0 0 0 0 0 0 0
