1 52 0 0 0 0 0
2 52 0 0 0 0 0
2 52 0 0 0 0 0
2 52 0 0 0 0 0
2 52 0 0 0 0 0
2 52 0 0 0 0 0
2 52 0 0 0 0 0
2 52 0 0 0 0 0
2 52 0 0 0 0 0
0 0 0 0 0 0 0
1 43 0 0 0 0 0
2 43 0 0 0 0 0
1 43 0 0 0 0 0
2 43 0 0 0 0 0
1 43 0 0 0 0 0
2 43 0 0 0 0 0
1 48 0 0 0 0 0
2 48 0 0 0 0 0
2 48 0 0 0 0 0
2 48 0 0 0 0 0
2 48 0 0 0 0 0
2 48 0 0 0 0 0
2 48 0 0 0 0 0
2 48 0 0 0 0 0
2 48 0 0 0 0 0
0 0 0 0 0 0 0
1 43 0 0 0 0 0
2 43 0 0 0 0 0
1 43 0 0 0 0 0
2 43 0 0 0 0 0
1 53 0 0 0 0 0
2 53 0 0 0 0 0
0 0 0 0 0 0 0
0 0 0 0 0 0 0
0 0 0 0 0 0 0
0 0 0 0 0 0 0
0 0 0 0 0 0 0
0 0 0 0 0 0 0
0 0 0 0 0 0 0
0 0 0 0 0 0 0
0 0 0 0 0 0 0
0 0 0 0 0 0 0
1 43 0 0 0 0 0
2 43 0 0 0 0 0
1 43 0 0 0 0 0
2 43 0 0 0 0 0
1 43 0 0 0 0 0
2 43 0 0 0 0 0
1 50 0 0 0 0 0
2 50 0 0 0 0 0
2 50 0 0 0 0 0
2 50 0 0 0 0 0
2 50 0 0 0 0 0
2 50 0 0 0 0 0
2 50 0 0 0 0 0
2 50 0 0 0 0 0
2 50 0 0 0 0 0
0 0 0 0 0 0 0
1 43 0 0 0 0 0
2 43 0 0 0 0 0
1 43 0 0 0 0 0
2 43 0 0 0 0 0
1 43 0 0 0 0 0
2 43 0 0 0 0 0
1 52 0 0 0 0 0
2 52 0 0 0 0 0
2 52 0 0 0 0 0
2 52 0 0 0 0 0
2 52 0 0 0 0 0
2 52 0 0 0 0 0
2 52 0 0 0 0 0
2 52 0 0 0 0 0
2 52 0 0 0 0 0
0 0 0 0 0 0 0
1 43 0 0 0 0 0
2 43 0 0 0 0 0
1 43 0 0 0 0 0
2 43 0 0 0 0 0
1 43 0 0 0 0 0
2 43 0 0 0 0 0
1 48 0 0 0 0 0
2 48 0 0 0 0 0
2 48 0 0 0 0 0
2 48 0 0 0 0 0
2 48 0 0 0 0 0
2 48 0 0 0 0 0
2 48 0 0 0 0 0
2 48 0 0 0 0 0
2 48 0 0 0 0 0
0 0 0 0 0 0 0
1 43 0 0 0 0 0
2 43 0 0 0 0 0
1 43 0 0 0 0 0
2 43 0 0 0 0 0
1 53 0 0 0 0 0
2 53 0 0 0 0 0
0 0 0 0 0 0 0
0 0 0 0 0 0 0
0 0 0 0 0 0 0
0 0 0 0 0 0 0
0 0 0 0 0 0 0
0 0 0 0 0 0 0
0 0 0 0 0 0 0
0 0 0 0 0 0 0
0 0 0 0 0 0 0
0 0 0 0 0 0 0
1 43 0 0 0 0 0
2 43 0 0 0 0 0
1 43 0 0 0 0 0
2 43 0 0 0 0 0
1 43 0 0 0 0 0
2 43 0 0 0 0 0
1 50 0 0 0 0 0
2 50 0 0 0 0 0
2 50 0 0 0 0 0
2 50 0 0 0 0 0
2 50 0 0 0 0 0
2 50 0 0 0 0 0
2 50 0 0 0 0 0
2 50 0 0 0 0 0
2 50 0 0 0 0 0
0 0 0 0 0 0 0
1 43 0 0 0 0 0
2 43 0 0 0 0 0
0 0 0 0 0 0 0
0 0 0 0 0 0 0
1 43 0 0 1 0 0
2 43 0 0 1 0 0
1 52 1 0 1 0 1
2 52 0 0 0 0 0
2 52 0 0 0 0 0
2 52 0 0 0 0 0
2 52 0 0 1 0 1
2 52 0 0 0 0 0
2 52 0 0 1 0 0
2 52 0 0 0 0 0
2 52 0 0 1 0 1
0 0 0 0 0 0 0
1 43 0 0 1 0 0
2 43 0 0 0 0 0
1 43 0 0 1 0 1
2 43 0 0 0 0 0
1 43 0 0 1 0 0
2 43 0 0 0 0 0
1 48 1 0 0 0 1
2 48 0 0 0 0 0
2 48 0 0 0 0 0
2 48 0 0 0 0 0
2 48 0 1 0 0 1
2 48 0 0 0 0 0
2 48 0 1 0 0 0
2 48 0 0 0 0 0
2 48 0 1 0 0 1
0 0 0 0 0 0 0
1 43 0 1 0 0 0
2 43 0 0 0 0 0
1 43 0 1 0 0 1
2 43 0 0 0 0 0
1 53 0 1 0 0 0
2 53 0 0 0 0 0
0 0 1 0 0 0 1
0 0 0 0 0 0 0
0 0 0 0 0 0 0
0 0 0 0 0 0 0
0 0 0 0 1 0 1
0 0 0 0 0 0 0
0 0 0 0 1 0 0
0 0 0 0 0 0 0
0 0 0 0 1 0 1
0 0 0 0 0 0 0
1 43 0 0 1 0 0
2 43 0 0 0 0 0
1 43 0 0 1 0 1
2 43 0 0 0 0 0
1 43 0 0 1 0 0
2 43 0 0 0 0 0
1 50 1 0 0 0 1
2 50 0 0 0 0 0
2 50 0 0 0 0 0
2 50 0 0 0 0 0
2 50 0 1 0 0 1
2 50 0 0 0 0 0
2 50 0 1 0 0 0
2 50 0 0 0 0 0
2 50 0 1 0 0 1
0 0 0 0 0 0 0
1 43 0 1 0 0 0
2 43 0 0 0 0 0
1 43 0 1 0 0 1
2 43 0 0 0 0 0
1 43 0 1 0 0 0
2 43 0 0 0 0 0
1 52 1 0 0 0 1
2 52 0 0 0 0 0
2 52 0 0 0 0 0
2 52 0 0 0 0 0
2 52 0 0 1 0 1
2 52 0 0 0 0 0
2 52 0 0 1 0 0
2 52 0 0 0 0 0
2 52 0 0 1 0 1
0 0 0 0 0 0 0
1 43 0 0 1 0 0
2 43 0 0 0 0 0
1 43 0 0 1 0 1
2 43 0 0 0 0 0
1 43 0 0 1 0 0
2 43 0 0 0 0 0
1 48 1 0 0 0 1
2 48 0 0 0 0 0
2 48 0 0 0 0 0
2 48 0 0 0 0 0
2 48 0 1 0 0 1
2 48 0 0 0 0 0
2 48 0 1 0 0 0
2 48 0 0 0 0 0
2 48 0 1 0 0 1
0 0 0 0 0 0 0
1 43 0 1 0 0 0
2 43 0 0 0 0 0
1 43 0 1 0 0 1
2 43 0 0 0 0 0
1 53 0 1 0 0 0
2 53 0 0 0 0 0
0 0 1 0 0 0 1
0 0 0 0 0 0 0
0 0 0 0 0 0 0
0 0 0 0 0 0 0
0 0 0 0 1 0 1
0 0 0 0 0 0 0
0 0 0 0 1 0 0
0 0 0 0 0 0 0
0 0 0 0 1 0 1
0 0 0 0 0 0 0
1 43 0 0 1 0 0
2 43 0 0 0 0 0
1 43 0 0 1 0 1
2 43 0 0 0 0 0
1 43 0 0 1 0 0
2 43 0 0 0 0 0
1 50 1 0 0 0 1
2 50 0 0 0 0 0
2 50 0 0 0 0 0
2 50 0 0 0 0 0
2 50 0 1 0 0 1
2 50 0 0 0 0 0
2 50 0 1 0 0 0
2 50 0 0 0 0 0
2 50 0 1 0 0 1
0 0 0 0 0 0 0
1 43 0 1 0 0 0
2 43 0 0 0 0 0
1 43 0 1 0 0 1
2 43 0 0 0 0 0
1 43 0 1 0 0 0
2 43 0 0 0 0 0
1 52 1 0 0 1 0
2 52 0 0 0 0 0
2 52 0 0 0 0 0
2 52 0 0 0 0 0
2 52 0 0 1 0 1
2 52 0 0 0 0 0
2 52 0 0 1 0 0
2 52 0 0 0 0 0
2 52 0 0 1 0 1
0 0 0 0 0 0 0
1 43 0 0 1 0 0
2 43 0 0 0 0 0
1 43 0 0 1 0 1
2 43 0 0 0 0 0
1 43 0 0 1 0 0
2 43 0 0 0 0 0
1 48 1 0 0 0 1
2 48 0 0 0 0 0
2 48 0 0 0 0 0
2 48 0 0 0 0 0
2 48 0 1 0 0 1
2 48 0 0 0 0 0
2 48 0 1 0 0 0
2 48 0 0 0 0 0
2 48 0 1 0 0 1
0 0 0 0 0 0 0
1 43 0 1 0 0 0
2 43 0 0 0 0 0
1 43 0 1 0 0 1
2 43 0 0 0 0 0
1 53 0 1 0 0 0
2 53 0 0 0 0 0
0 0 1 0 0 0 1
0 0 0 0 0 0 0
0 0 0 0 0 0 0
0 0 0 0 0 0 0
0 0 0 0 1 0 1
0 0 0 0 0 0 0
0 0 0 0 1 0 0
0 0 0 0 0 0 0
0 0 0 0 1 0 1
0 0 0 0 0 0 0
1 43 0 0 1 0 0
2 43 0 0 0 0 0
1 43 0 0 1 0 1
2 43 0 0 0 0 0
1 43 0 0 1 0 0
2 43 0 0 0 0 0
1 50 1 0 0 0 1
2 50 0 0 0 0 0
2 50 0 0 0 0 0
2 50 0 0 0 0 0
2 50 0 1 0 0 1
2 50 0 0 0 0 0
2 50 0 1 0 0 0
2 50 0 0 0 0 0
2 50 0 1 0 0 1
0 0 0 0 0 0 0
1 43 0 1 0 0 0
2 43 0 0 0 0 0
1 43 0 1 0 0 1
2 43 0 0 0 0 0
1 43 0 1 0 0 0
2 43 0 0 0 0 0
1 52 1 0 0 0 1
2 52 0 0 0 0 0
2 52 0 0 0 0 0
2 52 0 0 0 0 0
2 52 0 0 1 0 1
2 52 0 0 0 0 0
2 52 0 0 1 0 0
2 52 0 0 0 0 0
2 52 0 0 1 0 1
0 0 0 0 0 0 0
1 43 0 0 1 0 0
2 43 0 0 0 0 0
1 43 0 0 1 0 1
2 43 0 0 0 0 0
1 43 0 0 1 0 0
2 43 0 0 0 0 0
1 48 1 0 0 0 1
2 48 0 0 0 0 0
2 48 0 0 0 0 0
2 48 0 0 0 0 0
2 48 0 1 0 0 1
2 48 0 0 0 0 0
2 48 0 1 0 0 0
2 48 0 0 0 0 0
2 48 0 1 0 0 1
0 0 0 0 0 0 0
1 43 0 1 0 0 0
2 43 0 0 0 0 0
1 43 0 1 0 0 1
2 43 0 0 0 0 0
1 53 0 1 0 0 0
2 53 0 0 0 0 0
0 0 1 0 0 0 1
0 0 0 0 0 0 0
0 0 0 0 0 0 0
0 0 0 0 0 0 0
0 0 0 0 1 0 1
0 0 0 0 0 0 0
0 0 0 0 1 0 0
0 0 0 0 0 0 0
0 0 0 0 1 0 1
0 0 0 0 0 0 0
1 43 0 0 1 0 0
2 43 0 0 0 0 0
1 43 0 0 1 0 1
2 43 0 0 0 0 0
1 43 0 0 1 0 0
2 43 0 0 0 0 0
1 50 1 0 0 0 1
2 50 0 0 0 0 0
2 50 0 0 0 0 0
2 50 0 0 0 0 0
2 50 0 1 0 0 1
2 50 0 0 0 0 0
2 50 0 1 0 0 0
2 50 0 0 0 0 0
2 50 0 1 0 0 1
0 0 0 0 0 0 0
1 43 0 0 0 0 0
2 43 0 1 0 0 0
1 43 0 1 0 0 1
2 43 0 0 0 0 0
1 43 0 1 0 0 0
2 43 0 0 0 0 0
1 52 1 0 0 1 0
2 52 0 0 0 0 0
2 52 0 0 0 0 0
2 52 0 0 0 0 0
2 52 0 0 1 0 1
2 52 0 0 0 0 0
2 52 0 0 1 0 0
2 52 0 0 0 0 0
2 52 0 0 1 0 1
0 0 0 0 0 0 0
1 43 0 0 1 0 0
2 43 0 0 0 0 0
1 43 0 0 1 0 1
2 43 0 0 0 0 0
1 43 0 0 1 0 0
2 43 0 0 0 0 0
1 48 1 0 0 0 1
2 48 0 0 0 0 0
2 48 0 0 0 0 0
2 48 0 0 0 0 0
2 48 0 1 0 0 1
2 48 0 0 0 0 0
2 48 0 1 0 0 0
2 48 0 0 0 0 0
2 48 0 1 0 0 1
0 0 0 0 0 0 0
1 43 0 1 0 0 0
2 43 0 0 0 0 0
1 43 0 1 0 0 1
2 43 0 0 0 0 0
1 53 0 1 0 0 0
2 53 0 0 0 0 0
0 0 1 0 0 0 1
0 0 0 0 0 0 0
0 0 0 0 0 0 0
0 0 0 0 0 0 0
0 0 0 0 1 0 1
0 0 0 0 0 0 0
0 0 0 0 1 0 0
0 0 0 0 0 0 0
0 0 0 0 1 0 1
0 0 0 0 0 0 0
1 43 0 0 1 0 0
2 43 0 0 0 0 0
1 43 0 0 1 0 1
2 43 0 0 0 0 0
1 43 0 0 1 0 0
2 43 0 0 0 0 0
1 50 1 0 0 0 1
2 50 0 0 0 0 0
2 50 0 0 0 0 0
2 50 0 0 0 0 0
2 50 0 1 0 0 1
2 50 0 0 0 0 0
2 50 0 1 0 0 0
2 50 0 0 0 0 0
2 50 0 1 0 0 1
0 0 0 0 0 0 0
1 43 0 1 0 0 0
2 43 0 0 0 0 0
1 43 0 1 0 0 1
2 43 0 0 0 0 0
1 43 0 1 0 0 0
2 43 0 0 0 0 0
1 52 1 0 0 0 1
2 52 0 0 0 0 0
2 52 0 0 0 0 0
2 52 0 0 0 0 0
2 52 0 0 1 0 1
2 52 0 0 0 0 0
2 52 0 0 1 0 0
2 52 0 0 0 0 0
2 52 0 0 1 0 1
0 0 0 0 0 0 0
1 43 0 0 1 0 0
2 43 0 0 0 0 0
1 43 0 0 1 0 1
2 43 0 0 0 0 0
1 43 0 0 1 0 0
2 43 0 0 0 0 0
1 48 1 0 0 0 1
2 48 0 0 0 0 0
2 48 0 0 0 0 0
2 48 0 0 0 0 0
2 48 0 1 0 0 1
2 48 0 0 0 0 0
2 48 0 1 0 0 0
2 48 0 0 0 0 0
2 48 0 1 0 0 1
0 0 0 0 0 0 0
1 43 0 1 0 0 0
2 43 0 0 0 0 0
1 43 0 1 0 0 1
2 43 0 0 0 0 0
1 53 0 1 0 0 0
2 53 0 0 0 0 0
0 0 1 0 0 0 1
0 0 0 0 0 0 0
0 0 0 0 0 0 0
0 0 0 0 0 0 0
0 0 0 0 1 0 1
0 0 0 0 0 0 0
0 0 0 0 1 0 0
0 0 0 0 0 0 0
0 0 0 0 1 0 1
0 0 0 0 0 0 0
1 43 0 0 1 0 0
2 43 0 0 0 0 0
1 43 0 0 1 0 1
2 43 0 0 0 0 0
1 43 0 0 1 0 0
2 43 0 0 0 0 0
1 50 1 0 0 0 1
2 50 0 0 0 0 0
2 50 0 0 0 0 0
2 50 0 0 0 0 0
2 50 0 1 0 0 1
2 50 0 0 0 0 0
2 50 0 1 0 0 0
2 50 0 0 0 0 0
2 50 0 1 0 0 1
0 0 0 0 0 0 0
1 43 0 0 0 0 0
2 43 0 1 0 0 0
1 43 0 1 0 0 1
2 43 0 0 0 0 0
1 43 0 1 0 0 0
2 43 0 0 0 0 0
1 52 1 0 0 1 0
2 52 0 0 0 0 0
2 52 0 0 0 0 0
2 52 0 0 0 0 0
2 52 0 0 1 0 1
2 52 0 0 0 0 0
2 52 0 0 1 0 0
2 52 0 0 0 0 0
2 52 0 0 1 0 1
0 0 0 0 0 0 0
1 43 0 0 1 0 0
2 43 0 0 0 0 0
1 43 0 0 1 0 1
2 43 0 0 0 0 0
1 43 0 0 1 0 0
2 43 0 0 0 0 0
1 48 1 0 0 0 1
2 48 0 0 0 0 0
2 48 0 0 0 0 0
2 48 0 0 0 0 0
2 48 0 1 0 0 1
2 48 0 0 0 0 0
2 48 0 1 0 0 0
2 48 0 0 0 0 0
2 48 0 1 0 0 1
0 0 0 0 0 0 0
1 43 0 1 0 0 0
2 43 0 0 0 0 0
1 43 0 1 0 0 1
2 43 0 0 0 0 0
1 53 0 1 0 0 0
2 53 0 0 0 0 0
0 0 1 0 0 0 1
0 0 0 0 0 0 0
0 0 0 0 0 0 0
0 0 0 0 0 0 0
0 0 0 0 1 0 1
0 0 0 0 0 0 0
0 0 0 0 1 0 0
0 0 0 0 0 0 0
0 0 0 0 1 0 1
0 0 0 0 0 0 0
1 43 0 0 1 0 0
2 43 0 0 0 0 0
1 43 0 0 1 0 1
2 43 0 0 0 0 0
1 43 0 0 1 0 0
2 43 0 0 0 0 0
1 50 1 0 0 0 1
2 50 0 0 0 0 0
2 50 0 0 0 0 0
2 50 0 0 0 0 0
2 50 0 1 0 0 1
2 50 0 0 0 0 0
2 50 0 1 0 0 0
2 50 0 0 0 0 0
2 50 0 1 0 0 1
0 0 0 0 0 0 0
1 43 0 1 0 0 0
2 43 0 0 0 0 0
1 43 0 1 0 0 1
2 43 0 0 0 0 0
1 43 0 1 0 0 0
2 43 0 0 0 0 0
1 52 1 0 0 0 1
2 52 0 0 0 0 0
2 52 0 0 0 0 0
2 52 0 0 0 0 0
2 52 0 0 1 0 1
2 52 0 0 0 0 0
2 52 0 0 1 0 0
2 52 0 0 0 0 0
2 52 0 0 1 0 1
0 0 0 0 0 0 0
1 43 0 0 1 0 0
2 43 0 0 0 0 0
1 43 0 0 1 0 1
2 43 0 0 0 0 0
1 43 0 0 1 0 0
2 43 0 0 0 0 0
1 48 1 0 0 0 1
2 48 0 0 0 0 0
2 48 0 0 0 0 0
2 48 0 0 0 0 0
2 48 0 1 0 0 1
2 48 0 0 0 0 0
2 48 0 1 0 0 0
2 48 0 0 0 0 0
2 48 0 1 0 0 1
0 0 0 0 0 0 0
1 43 0 1 0 0 0
2 43 0 0 0 0 0
1 43 0 1 0 0 1
2 43 0 0 0 0 0
1 53 0 1 0 0 0
2 53 0 0 0 0 0
0 0 1 0 0 0 1
0 0 0 0 0 0 0
0 0 0 0 0 0 0
0 0 0 0 0 0 0
0 0 0 0 1 0 1
0 0 0 0 0 0 0
0 0 0 0 1 0 0
0 0 0 0 0 0 0
0 0 0 0 1 0 1
0 0 0 0 0 0 0
1 43 0 0 1 0 0
2 43 0 0 0 0 0
1 43 0 0 1 0 1
2 43 0 0 0 0 0
1 43 0 0 1 0 0
2 43 0 0 0 0 0
1 50 1 0 0 0 1
2 50 0 0 0 0 0
2 50 0 0 0 0 0
2 50 0 0 0 0 0
2 50 0 1 0 0 1
2 50 0 0 0 0 0
2 50 0 1 0 0 0
2 50 0 0 0 0 0
2 50 0 1 0 0 1
0 0 0 0 0 0 0
1 43 0 0 0 0 0
2 43 0 1 0 0 0
1 43 0 1 0 0 1
2 43 0 0 0 0 0
1 43 0 1 0 0 0
2 43 0 0 0 0 0
1 52 1 0 0 1 0
2 52 0 0 0 0 0
2 52 0 0 0 0 0
2 52 0 0 0 0 0
2 52 0 0 1 0 1
2 52 0 0 0 0 0
2 52 0 0 1 0 0
2 52 0 0 0 0 0
2 52 0 0 1 0 1
0 0 0 0 0 0 0
1 43 0 0 1 0 0
2 43 0 0 0 0 0
1 43 0 0 1 0 1
2 43 0 0 0 0 0
1 43 0 0 1 0 0
2 43 0 0 0 0 0
1 48 1 0 0 0 1
2 48 0 0 0 0 0
2 48 0 0 0 0 0
2 48 0 0 0 0 0
2 48 0 1 0 0 1
2 48 0 0 0 0 0
2 48 0 1 0 0 0
2 48 0 0 0 0 0
2 48 0 1 0 0 1
0 0 0 0 0 0 0
1 43 0 1 0 0 0
2 43 0 0 0 0 0
1 43 0 1 0 0 1
2 43 0 0 0 0 0
1 53 0 1 0 0 0
2 53 0 0 0 0 0
0 0 1 0 0 0 1
0 0 0 0 0 0 0
0 0 0 0 0 0 0
0 0 0 0 0 0 0
0 0 0 0 1 0 1
0 0 0 0 0 0 0
0 0 0 0 1 0 0
0 0 0 0 0 0 0
0 0 0 0 1 0 1
0 0 0 0 0 0 0
1 43 0 0 1 0 0
2 43 0 0 0 0 0
1 43 0 0 1 0 1
2 43 0 0 0 0 0
1 43 0 0 1 0 0
2 43 0 0 0 0 0
1 50 1 0 0 0 1
2 50 0 0 0 0 0
2 50 0 0 0 0 0
2 50 0 0 0 0 0
2 50 0 1 0 0 1
2 50 0 0 0 0 0
2 50 0 1 0 0 0
2 50 0 0 0 0 0
2 50 0 1 0 0 1
0 0 0 0 0 0 0
1 43 0 1 0 0 0
2 43 0 0 0 0 0
1 43 0 1 0 0 1
2 43 0 0 0 0 0
1 43 0 1 0 0 0
2 43 0 0 0 0 0
1 52 1 0 0 0 1
2 52 0 0 0 0 0
2 52 0 0 0 0 0
2 52 0 0 0 0 0
2 52 0 0 1 0 1
2 52 0 0 0 0 0
2 52 0 0 1 0 0
2 52 0 0 0 0 0
2 52 0 0 1 0 1
0 0 0 0 0 0 0
1 43 0 0 1 0 0
2 43 0 0 0 0 0
1 43 0 0 1 0 1
2 43 0 0 0 0 0
1 43 0 0 1 0 0
2 43 0 0 0 0 0
1 48 1 0 0 0 1
2 48 0 0 0 0 0
2 48 0 0 0 0 0
2 48 0 0 0 0 0
2 48 0 1 0 0 1
2 48 0 0 0 0 0
2 48 0 1 0 0 0
2 48 0 0 0 0 0
2 48 0 1 0 0 1
0 0 0 0 0 0 0
1 43 0 1 0 0 0
2 43 0 0 0 0 0
1 43 0 1 0 0 1
2 43 0 0 0 0 0
1 53 0 1 0 0 0
2 53 0 0 0 0 0
0 0 1 0 0 0 1
0 0 0 0 0 0 0
0 0 0 0 0 0 0
0 0 0 0 0 0 0
0 0 1 0 0 0 1
0 0 0 0 0 0 0
0 0 1 0 0 0 1
0 0 0 0 0 0 0
0 0 0 0 1 0 1
0 0 0 0 0 0 0
1 43 0 0 0 0 0
2 43 0 0 0 0 0
1 43 0 0 1 0 1
2 43 0 0 0 0 0
1 43 0 0 0 0 0
2 43 0 0 0 0 0
1 50 1 0 0 0 1
2 50 0 0 0 0 0
2 50 0 0 1 0 1
2 50 0 0 0 0 0
2 50 0 0 1 0 1
2 50 0 0 1 0 1
2 50 1 0 0 0 1
2 50 0 0 0 0 0
2 50 0 0 1 0 1
0 0 0 0 0 0 0
1 43 0 0 0 0 0
2 43 1 0 0 0 1
1 43 0 0 1 0 1
2 43 0 0 0 0 0
1 43 0 0 1 0 1
2 43 0 0 0 0 0
1 52 1 0 0 1 0
2 52 0 0 0 0 0
2 52 0 0 0 0 0
2 52 0 0 0 0 0
2 52 0 0 1 1 0
2 52 0 0 0 0 0
2 52 0 0 1 0 0
2 52 0 0 0 0 0
2 52 0 0 1 1 0
0 0 0 0 0 0 0
1 43 0 0 1 0 0
2 43 0 0 0 0 0
1 43 0 0 1 1 0
2 43 0 0 0 0 0
1 43 0 0 1 0 0
2 43 0 0 0 0 0
1 48 1 0 0 1 0
2 48 0 0 0 0 0
2 48 0 0 0 0 0
2 48 0 0 0 0 0
2 48 0 1 0 1 0
2 48 0 0 0 0 0
2 48 0 1 0 0 0
2 48 0 0 0 0 0
2 48 0 1 0 1 0
0 0 0 0 0 0 0
1 43 0 1 0 0 0
2 43 0 0 0 0 0
1 43 0 1 0 1 0
2 43 0 0 0 0 0
1 53 0 1 0 0 0
2 53 0 0 0 0 0
0 0 1 0 0 1 0
0 0 0 0 0 0 0
0 0 0 0 0 0 0
0 0 0 0 0 0 0
0 0 0 0 1 1 0
0 0 0 0 0 0 0
0 0 0 0 1 0 0
0 0 0 0 0 0 0
0 0 0 0 1 1 0
0 0 0 0 0 0 0
1 43 0 0 1 0 0
2 43 0 0 0 0 0
1 43 0 0 1 1 0
2 43 0 0 0 0 0
1 43 0 0 1 0 0
2 43 0 0 0 0 0
1 50 1 0 0 1 0
2 50 0 0 0 0 0
2 50 0 0 0 0 0
2 50 0 0 0 0 0
2 50 0 0 1 1 0
2 50 0 0 0 0 0
2 50 0 0 0 0 0
2 50 0 0 0 0 0
2 50 0 0 1 1 0
0 0 0 0 0 0 0
1 43 0 0 0 0 0
2 43 0 0 0 0 0
1 43 1 0 0 1 0
2 43 0 0 1 0 0
1 43 0 0 0 0 0
2 43 0 0 0 0 0
1 52 0 0 0 0 0
2 52 1 0 0 1 0
2 52 0 0 0 0 0
2 52 0 0 0 0 0
2 52 0 0 0 0 0
2 52 0 0 1 1 0
2 52 0 0 0 0 0
2 52 0 0 1 0 0
2 52 0 0 0 0 0
0 0 0 0 1 1 0
1 43 0 0 0 0 0
2 43 0 0 1 0 0
1 43 0 0 0 0 0
2 43 0 0 1 1 0
1 43 0 0 0 0 0
2 43 0 0 1 0 0
1 48 0 0 0 0 0
2 48 1 0 0 1 0
2 48 0 0 0 0 0
2 48 0 0 0 0 0
2 48 0 0 0 0 0
2 48 0 1 0 1 0
2 48 0 0 0 0 0
2 48 0 1 0 0 0
2 48 0 0 0 0 0
0 0 0 1 0 1 0
1 43 0 0 0 0 0
2 43 0 1 0 0 0
1 43 0 0 0 0 0
2 43 0 1 0 1 0
1 53 0 0 0 0 0
2 53 0 1 0 0 0
0 0 0 0 0 0 0
0 0 1 0 0 1 0
0 0 0 0 0 0 0
0 0 0 0 0 0 0
0 0 0 0 0 0 0
0 0 0 0 1 1 0
0 0 0 0 0 0 0
0 0 0 0 1 0 0
0 0 0 0 0 0 0
0 0 0 0 1 1 0
1 43 0 0 0 0 0
2 43 0 0 1 0 0
1 43 0 0 0 0 0
2 43 0 0 1 1 0
1 43 0 0 0 0 0
2 43 0 0 1 0 0
1 50 0 0 0 0 0
2 50 1 0 0 1 0
2 50 0 0 0 0 0
0 0 0 0 0 0 0
0 0 0 0 0 0 0
0 0 0 0 1 1 0
0 0 0 0 0 0 0
0 0 0 0 0 0 0
0 0 0 0 0 0 0
0 0 0 0 1 1 0
0 0 0 0 0 0 0
0 0 0 0 0 0 0
0 0 0 0 0 0 0
0 0 0 1 0 1 0
0 0 0 0 0 0 0
0 0 0 0 0 0 0
0 0 0 0 0 0 0
0 0 1 0 0 1 0
0 0 0 0 0 0 0
0 0 0 0 0 0 0
0 0 0 0 0 0 0
0 0 0 0 1 0 1
0 0 0 0 0 0 0
0 0 0 0 1 0 0
0 0 0 0 0 0 0
0 0 0 0 1 0 1
1 43 0 0 0 0 0
2 43 0 0 1 0 0
1 43 0 0 0 0 0
2 43 0 0 1 0 1
1 43 0 0 0 0 0
2 43 0 0 1 0 0
1 48 0 0 0 0 0
2 48 1 0 0 0 1
2 48 0 0 0 0 0
2 48 0 0 0 0 0
2 48 0 0 0 0 0
2 48 0 1 0 0 1
2 48 0 0 0 0 0
2 48 0 1 0 0 0
2 48 0 0 0 0 0
0 0 0 1 0 0 1
1 43 0 0 0 0 0
2 43 0 1 0 0 0
1 43 0 0 0 0 0
2 43 0 1 0 0 1
1 53 0 0 0 0 0
2 53 0 1 0 0 0
0 0 0 0 0 0 0
0 0 1 0 0 0 1
0 0 0 0 0 0 0
0 0 0 0 0 0 0
0 0 0 0 0 0 0
0 0 0 0 1 0 1
0 0 0 0 0 0 0
0 0 0 0 1 0 0
0 0 0 0 0 0 0
0 0 0 0 1 0 1
1 43 0 0 0 0 0
2 43 0 0 1 0 0
1 43 0 0 0 0 0
2 43 0 0 1 0 1
1 43 0 0 0 0 0
2 43 0 0 1 0 0
1 50 0 0 0 0 0
2 50 1 0 0 0 1
2 50 0 0 0 0 0
2 50 0 0 0 0 0
2 50 0 0 0 0 0
2 50 0 1 0 0 1
2 50 0 0 0 0 0
2 50 0 1 0 0 0
2 50 0 0 0 0 0
0 0 0 1 0 0 1
1 43 0 0 0 0 0
2 43 0 1 0 0 0
1 43 0 0 0 0 0
2 43 0 1 0 0 1
1 43 0 0 0 0 0
2 43 0 1 0 0 0
1 52 0 0 0 0 0
2 52 1 0 0 0 1
2 52 0 0 0 0 0
2 52 0 0 0 0 0
2 52 0 0 0 0 0
2 52 0 0 1 0 1
2 52 0 0 0 0 0
2 52 0 0 1 0 0
2 52 0 0 0 0 0
0 0 0 0 1 0 1
1 43 0 0 0 0 0
2 43 0 0 1 0 0
1 43 0 0 0 0 0
2 43 0 0 1 0 1
1 43 0 0 0 0 0
2 43 0 0 1 0 0
1 48 0 0 0 0 0
2 48 1 0 0 0 1
2 48 0 0 0 0 0
2 48 0 0 0 0 0
2 48 0 0 0 0 0
2 48 0 1 0 0 1
2 48 0 0 0 0 0
2 48 0 1 0 0 0
2 48 0 0 0 0 0
0 0 0 1 0 0 1
1 43 0 0 0 0 0
2 43 0 1 0 0 0
1 43 0 0 0 0 0
2 43 0 1 0 0 1
1 53 0 0 0 0 0
2 53 0 1 0 0 0
0 0 0 0 0 0 0
0 0 1 0 0 0 1
0 0 0 0 0 0 0
0 0 0 0 0 0 0
0 0 0 0 0 0 0
0 0 0 0 1 0 1
0 0 0 0 0 0 0
0 0 0 0 1 0 0
0 0 0 0 0 0 0
0 0 0 0 1 0 1
1 43 0 0 0 0 0
2 43 0 0 1 0 0
1 43 0 0 0 0 0
2 43 0 0 1 0 1
1 43 0 0 0 0 0
2 43 0 0 1 0 0
1 50 0 0 0 0 0
2 50 1 0 0 0 1
2 50 0 0 0 0 0
2 50 0 0 0 0 0
2 50 0 0 0 0 0
2 50 0 1 0 0 1
2 50 0 0 0 0 0
2 50 0 1 0 0 0
2 50 0 0 0 0 0
0 0 0 1 0 0 1
1 43 0 0 0 0 0
2 43 0 0 0 0 0
1 43 0 1 0 0 0
2 43 0 1 0 0 1
1 43 0 0 0 0 0
2 43 0 1 0 0 0
1 52 0 0 0 0 0
2 52 1 0 0 1 0
2 52 0 0 0 0 0
2 52 0 0 0 0 0
2 52 0 0 0 0 0
2 52 0 0 1 0 1
2 52 0 0 0 0 0
2 52 0 0 1 0 0
2 52 0 0 0 0 0
0 0 0 0 1 0 1
1 43 0 0 0 0 0
2 43 0 0 1 0 0
1 43 0 0 0 0 0
2 43 0 0 1 0 1
1 43 0 0 0 0 0
2 43 0 0 1 0 0
1 48 0 0 0 0 0
2 48 1 0 1 0 1
2 48 0 0 0 0 0
2 48 0 0 0 0 0
2 48 0 0 0 0 0
2 48 0 1 1 0 1
2 48 0 0 0 0 0
2 48 0 1 0 0 0
2 48 0 0 0 0 0
0 0 0 1 1 0 1
1 43 0 0 0 0 0
2 43 0 1 0 0 0
1 43 0 0 0 0 0
2 43 0 1 1 0 1
1 53 0 0 0 0 0
2 53 0 1 0 0 0
0 0 0 0 0 0 0
0 0 1 0 1 0 1
0 0 0 0 0 0 0
0 0 0 0 0 0 0
0 0 0 0 0 0 0
0 0 0 0 1 0 1
0 0 0 0 0 0 0
0 0 0 0 1 0 0
0 0 0 0 0 0 0
0 0 0 0 1 0 1
1 43 0 0 0 0 0
2 43 0 0 1 0 0
1 43 0 0 0 0 0
2 43 0 0 1 0 1
1 43 0 0 0 0 0
2 43 0 0 1 0 0
1 50 0 0 0 0 0
2 50 1 0 1 0 1
2 50 0 0 0 0 0
2 50 0 0 0 0 0
2 50 0 0 0 0 0
2 50 0 1 1 0 1
2 50 0 0 0 0 0
2 50 0 1 0 0 0
2 50 0 0 0 0 0
0 0 0 1 1 0 1
1 43 0 0 0 0 0
2 43 0 1 0 0 0
1 43 0 0 0 0 0
2 43 0 1 1 0 1
1 43 0 0 0 0 0
2 43 0 1 0 0 0
1 52 0 0 0 0 0
2 52 1 0 1 0 1
2 52 0 0 0 0 0
2 52 0 0 0 0 0
2 52 0 0 0 0 0
2 52 0 0 1 0 1
2 52 0 0 0 0 0
2 52 0 0 1 0 0
2 52 0 0 0 0 0
0 0 0 0 1 0 1
1 43 0 0 0 0 0
2 43 0 0 1 0 0
1 43 0 0 0 0 0
2 43 0 0 1 0 1
1 43 0 0 0 0 0
2 43 0 0 1 0 0
1 48 0 0 0 0 0
2 48 1 0 1 0 1
2 48 0 0 0 0 0
2 48 0 0 0 0 0
2 48 0 0 0 0 0
2 48 0 1 1 0 1
2 48 0 0 0 0 0
2 48 0 1 0 0 0
2 48 0 0 0 0 0
0 0 0 1 1 0 1
1 43 0 0 0 0 0
2 43 0 1 0 0 0
1 43 0 0 0 0 0
2 43 0 1 1 0 1
1 53 0 0 0 0 0
2 53 0 1 0 0 0
0 0 0 0 0 0 0
0 0 1 0 1 0 1
0 0 0 0 0 0 0
0 0 0 0 0 0 0
0 0 0 0 0 0 0
0 0 0 0 1 0 1
0 0 0 0 0 0 0
0 0 0 0 1 0 0
0 0 0 0 0 0 0
0 0 0 0 1 0 1
1 43 0 0 0 0 0
2 43 0 0 1 0 0
1 43 0 0 0 0 0
2 43 0 0 1 0 1
1 43 0 0 0 0 0
2 43 0 0 1 0 0
1 50 0 0 0 0 0
2 50 1 0 1 0 1
2 50 0 0 0 0 0
2 50 0 0 0 0 0
2 50 0 0 0 0 0
2 50 0 1 1 0 1
2 50 0 0 0 0 0
2 50 0 1 0 0 0
2 50 0 0 0 0 0
0 0 0 1 1 0 1
1 43 0 0 0 0 0
2 43 0 0 0 0 0
1 43 0 1 0 0 0
2 43 0 1 1 0 1
1 43 0 0 0 0 0
2 43 0 1 0 0 0
1 52 0 0 0 0 0
2 52 1 0 1 0 1
2 52 0 0 0 0 0
2 52 0 0 0 0 0
2 52 0 0 0 0 0
2 52 0 0 1 0 1
2 52 0 0 0 0 0
2 52 0 0 1 0 0
2 52 0 0 0 0 0
0 0 0 0 1 0 1
1 43 0 0 0 0 0
2 43 0 0 1 0 0
1 43 0 0 0 0 0
2 43 0 0 1 0 1
1 43 0 0 0 0 0
2 43 0 0 1 0 0
1 48 0 0 0 0 0
2 48 1 0 1 0 1
2 48 0 0 0 0 0
2 48 0 0 0 0 0
2 48 0 0 0 0 0
2 48 0 1 1 0 1
2 48 0 0 0 0 0
2 48 0 1 0 0 0
2 48 0 0 0 0 0
0 0 0 1 1 0 1
1 43 0 0 0 0 0
2 43 0 1 0 0 0
1 43 0 0 0 0 0
2 43 0 1 1 0 1
1 53 0 0 0 0 0
2 53 0 1 0 0 0
0 0 0 0 0 0 0
0 0 1 0 1 0 1
0 0 0 0 0 0 0
0 0 0 0 0 0 0
0 0 0 0 0 0 0
0 0 0 0 1 0 1
0 0 0 0 0 0 0
0 0 0 0 1 0 0
0 0 0 0 0 0 0
0 0 0 0 1 0 1
1 43 0 0 0 0 0
2 43 0 0 1 0 0
1 43 0 0 0 0 0
2 43 0 0 1 0 1
1 43 0 0 0 0 0
2 43 0 0 1 0 0
1 50 0 0 0 0 0
2 50 1 0 1 0 1
2 50 0 0 0 0 0
2 50 0 0 0 0 0
2 50 0 0 0 0 0
2 50 0 1 1 0 1
2 50 0 0 0 0 0
2 50 0 1 0 0 0
2 50 0 0 0 0 0
0 0 0 1 1 0 1
1 43 0 0 0 0 0
2 43 0 1 0 0 0
1 43 0 0 0 0 0
2 43 0 1 1 0 1
1 43 0 0 0 0 0
2 43 0 1 0 0 0
1 52 0 0 0 0 0
2 52 1 0 1 0 1
2 52 0 0 0 0 0
2 52 0 0 0 0 0
2 52 0 0 0 0 0
2 52 0 0 1 0 1
2 52 0 0 0 0 0
2 52 0 0 1 0 0
2 52 0 0 0 0 0
0 0 0 0 1 0 1
1 43 0 0 0 0 0
2 43 0 0 1 0 0
1 43 0 0 0 0 0
2 43 0 0 1 0 1
1 43 0 0 0 0 0
2 43 0 0 1 0 0
1 48 0 0 0 0 0
2 48 1 0 1 0 1
2 48 0 0 0 0 0
2 48 0 0 0 0 0
2 48 0 0 0 0 0
2 48 0 1 1 0 1
2 48 0 0 0 0 0
2 48 0 1 0 0 0
2 48 0 0 0 0 0
0 0 0 1 1 0 1
1 43 0 0 0 0 0
2 43 0 1 0 0 0
1 43 0 0 0 0 0
2 43 0 1 1 0 1
1 53 0 0 0 0 0
2 53 0 1 0 0 0
0 0 0 0 0 0 0
0 0 1 0 0 0 1
0 0 0 0 0 0 0
0 0 0 0 0 0 0
0 0 0 0 0 0 0
0 0 1 0 0 0 1
0 0 0 0 0 0 0
0 0 1 0 0 0 1
0 0 0 0 0 0 0
0 0 0 0 1 0 1
1 43 0 0 0 0 0
2 43 0 0 0 0 0
1 43 0 0 0 0 0
2 43 0 0 1 0 1
1 43 0 0 0 0 0
2 43 0 0 0 0 0
1 50 0 0 0 0 0
2 50 1 0 0 0 1
2 50 0 0 0 0 0
2 50 0 0 1 0 1
2 50 0 0 0 0 0
2 50 0 0 1 0 1
2 50 0 0 1 0 1
2 50 1 0 0 0 1
2 50 0 0 0 0 0
0 0 0 0 1 0 1
1 43 0 0 0 0 0
2 43 0 0 0 0 0
1 43 1 0 0 0 1
2 43 0 0 1 0 1
1 43 0 0 0 0 0
2 43 0 0 1 0 1
1 52 0 0 0 0 0
2 52 1 0 0 1 0
2 52 0 0 0 0 0
2 52 0 0 0 0 0
2 52 0 0 0 0 0
2 52 0 0 1 1 0
2 52 0 0 0 0 0
2 52 0 0 1 0 0
2 52 0 0 0 0 0
0 0 0 0 1 1 0
1 43 0 0 0 0 0
2 43 0 0 1 0 0
1 43 0 0 0 0 0
2 43 0 0 1 1 0
1 43 0 0 0 0 0
2 43 0 0 1 0 0
1 48 0 0 0 0 0
2 48 1 0 0 1 0
2 48 0 0 0 0 0
2 48 0 0 0 0 0
2 48 0 0 0 0 0
2 48 0 1 0 1 0
2 48 0 0 0 0 0
2 48 0 1 0 0 0
2 48 0 0 0 0 0
0 0 0 1 0 1 0
1 43 0 0 0 0 0
2 43 0 1 0 0 0
1 43 0 0 0 0 0
2 43 0 1 0 1 0
1 53 0 0 0 0 0
2 53 0 1 0 0 0
0 0 0 0 0 0 0
0 0 1 0 0 1 0
0 0 0 0 0 0 0
0 0 0 0 0 0 0
0 0 0 0 0 0 0
0 0 0 0 1 1 0
0 0 0 0 0 0 0
0 0 0 0 1 0 0
0 0 0 0 0 0 0
0 0 0 0 1 1 0
1 43 0 0 0 0 0
2 43 0 0 1 0 0
1 43 0 0 0 0 0
2 43 0 0 1 1 0
1 43 0 0 0 0 0
2 43 0 0 1 0 0
1 50 0 0 0 0 0
2 50 1 0 0 1 0
2 50 0 0 0 0 0
2 50 0 0 0 0 0
2 50 0 0 0 0 0
2 50 0 0 1 1 0
2 50 0 0 0 0 0
2 50 0 0 0 0 0
2 50 0 0 0 0 0
0 0 0 0 1 1 0
1 43 0 0 0 0 0
2 43 0 0 0 0 0
1 43 0 0 0 0 0
2 43 1 0 1 1 0
1 43 0 0 0 0 0
2 43 0 0 1 0 0
1 52 0 0 0 0 0
2 52 1 0 0 1 0
2 52 0 0 0 0 0
2 52 0 0 0 0 0
2 52 0 0 0 0 0
2 52 0 0 1 1 0
2 52 0 0 0 0 0
2 52 0 0 1 0 0
2 52 0 0 0 0 0
0 0 0 0 1 1 0
1 43 0 0 0 0 0
2 43 0 0 1 0 0
1 43 0 0 0 0 0
2 43 0 0 1 1 0
1 43 0 0 0 0 0
2 43 0 0 1 0 0
1 48 0 0 0 0 0
2 48 1 0 0 1 0
2 48 0 0 0 0 0
2 48 0 0 0 0 0
2 48 0 0 0 0 0
2 48 0 1 0 1 0
2 48 0 0 0 0 0
2 48 0 1 0 0 0
2 48 0 0 0 0 0
0 0 0 1 0 1 0
1 43 0 0 0 0 0
2 43 0 1 0 0 0
1 43 0 0 0 0 0
2 43 0 1 0 1 0
1 53 0 0 0 0 0
2 53 0 1 0 0 0
0 0 0 0 0 0 0
0 0 1 0 0 1 0
0 0 0 0 0 0 0
0 0 0 0 0 0 0
0 0 0 0 0 0 0
0 0 0 0 1 1 0
0 0 0 0 0 0 0
0 0 0 0 1 0 0
0 0 0 0 0 0 0
0 0 0 0 1 1 0
1 43 0 0 0 0 0
2 43 0 0 1 0 0
1 43 0 0 0 0 0
2 43 0 0 1 1 0
1 43 0 0 0 0 0
2 43 0 0 1 0 0
1 50 0 0 0 0 0
2 50 1 0 0 1 0
2 50 0 0 0 0 0
0 0 0 0 0 0 0
0 0 0 0 0 0 0
0 0 0 0 1 1 0
0 0 0 0 0 0 0
0 0 0 0 0 0 0
0 0 0 0 0 0 0
0 0 0 0 1 1 0
0 0 0 0 0 0 0
0 0 0 0 0 0 0
0 0 0 0 0 0 0
0 0 0 1 0 1 0
0 0 0 0 0 0 0
0 0 0 1 0 0 0
0 0 0 0 0 0 0
0 0 1 0 0 1 0
0 0 0 0 0 0 0
0 0 0 0 0 0 0
0 0 0 0 0 0 0
0 0 0 0 1 1 0
0 0 0 0 0 0 0
0 0 0 0 1 0 0
0 0 0 0 0 0 0
0 0 0 0 1 1 0
1 43 0 0 0 0 0
2 43 0 0 1 0 0
1 43 0 0 0 0 0
2 43 0 0 1 1 0
1 43 0 0 0 0 0
2 43 0 0 1 0 0
1 48 0 0 0 0 0
2 48 1 0 0 1 0
2 48 0 0 0 0 0
2 48 0 0 0 0 0
2 48 0 0 0 0 0
2 48 0 1 0 1 0
2 48 0 0 0 0 0
2 48 0 1 0 0 0
2 48 0 0 0 0 0
0 0 0 1 0 1 0
1 43 0 0 0 0 0
2 43 0 1 0 0 0
1 43 0 0 0 0 0
2 43 0 1 0 1 0
1 53 0 0 0 0 0
2 53 0 1 0 0 0
0 0 0 0 0 0 0
0 0 1 0 0 1 0
0 0 0 0 0 0 0
0 0 0 0 0 0 0
0 0 0 0 0 0 0
0 0 0 0 1 1 0
0 0 0 0 0 0 0
0 0 0 0 1 0 0
0 0 0 0 0 0 0
0 0 0 0 1 1 0
1 43 0 0 0 0 0
2 43 0 0 1 0 0
1 43 0 0 0 0 0
2 43 0 0 1 1 0
1 43 0 0 0 0 0
2 43 0 0 1 0 0
1 50 0 0 0 0 0
2 50 1 0 0 1 0
2 50 0 0 0 0 0
2 50 0 0 0 0 0
2 50 0 0 0 0 0
2 50 0 0 1 1 0
2 50 0 0 0 0 0
2 50 0 0 0 0 0
2 50 0 0 0 0 0
0 0 0 0 1 1 0
1 43 0 0 0 0 0
2 43 0 0 0 0 0
1 43 0 0 0 0 0
2 43 1 0 0 1 0
1 43 0 0 1 0 0
2 43 0 0 0 0 0
1 52 0 0 1 0 0
2 52 0 0 0 0 0
2 52 1 0 0 1 0
2 52 0 0 0 0 0
2 52 0 0 0 0 0
2 52 0 0 0 0 0
2 52 0 0 1 1 0
2 52 0 0 0 0 0
2 52 0 0 1 0 0
0 0 0 0 0 0 0
1 43 0 0 1 1 0
2 43 0 0 0 0 0
1 43 0 0 1 0 0
2 43 0 0 0 0 0
1 43 0 0 1 1 0
2 43 0 0 0 0 0
1 48 0 0 1 0 0
2 48 0 0 0 0 0
2 48 1 0 0 1 0
2 48 0 0 0 0 0
2 48 0 0 0 0 0
2 48 0 0 0 0 0
2 48 0 1 0 1 0
2 48 0 0 0 0 0
2 48 0 1 0 0 0
0 0 0 0 0 0 0
1 43 0 1 0 1 0
2 43 0 0 0 0 0
1 43 0 1 0 0 0
2 43 0 0 0 0 0
1 53 0 1 0 1 0
2 53 0 0 0 0 0
0 0 0 1 0 0 0
0 0 0 0 0 0 0
0 0 1 0 0 1 0
0 0 0 0 0 0 0
0 0 0 0 0 0 0
0 0 0 0 0 0 0
0 0 0 0 1 1 0
0 0 0 0 0 0 0
0 0 0 0 1 0 0
0 0 0 0 0 0 0
0 0 0 0 1 1 0
0 0 0 0 0 0 0
0 0 0 0 1 0 0
0 0 0 0 0 0 0
0 0 0 0 1 1 0
0 0 0 0 0 0 0
0 0 0 0 1 0 0
0 0 0 0 0 0 0
0 0 1 0 0 1 0
0 0 0 0 0 0 0
0 0 0 0 0 0 0
0 0 0 0 0 0 0
0 0 0 0 1 1 0
0 0 0 0 0 0 0
0 0 0 0 0 0 0
0 0 0 0 0 0 0
0 0 0 0 1 1 0
0 0 0 0 0 0 0
0 0 0 0 0 0 0
0 0 0 0 0 0 0
0 0 0 1 0 1 0
0 0 0 0 0 0 0
0 0 0 1 0 0 0
0 0 0 0 0 0 0
0 0 1 0 1 1 0
0 0 0 0 0 0 0
0 0 0 0 0 0 0
0 0 0 0 0 0 0
0 0 1 0 1 1 0
0 0 0 0 0 0 0
0 0 1 0 1 0 0
0 0 0 0 0 0 0
1 43 0 0 1 1 0
2 43 0 0 0 0 0
1 43 1 0 0 0 0
2 43 0 0 0 0 0
1 43 0 0 1 1 0
2 43 0 0 0 0 0
1 48 0 0 1 0 0
2 48 0 0 1 0 0
2 48 1 0 1 1 0
2 48 0 0 0 0 0
2 48 0 0 0 0 0
2 48 0 0 0 0 0
2 48 1 0 1 1 0
2 48 0 0 0 0 0
2 48 1 0 1 0 0
0 0 0 0 0 0 0
1 43 0 0 1 1 0
2 43 0 0 0 0 0
1 43 1 0 0 0 0
2 43 0 0 0 0 0
1 53 0 0 1 1 0
2 53 0 0 0 0 0
0 0 0 0 1 0 0
0 0 0 0 1 0 0
0 0 1 0 1 1 0
0 0 0 0 0 0 0
0 0 0 0 0 0 0
0 0 0 0 0 0 0
0 0 1 0 1 1 0
0 0 0 0 0 0 0
0 0 1 0 1 0 0
0 0 0 0 0 0 0
1 43 0 0 1 1 0
2 43 0 0 0 0 0
1 43 1 0 0 0 0
2 43 0 0 0 0 0
1 43 0 0 1 1 0
2 43 0 0 0 0 0
1 50 0 0 1 0 0
2 50 0 0 1 0 0
2 50 1 0 1 1 0
2 50 0 0 0 0 0
2 50 0 0 0 0 0
2 50 0 0 0 0 0
2 50 1 0 1 1 0
2 50 0 0 0 0 0
2 50 1 0 1 0 0
0 0 0 0 0 0 0
1 43 0 0 1 1 0
2 43 0 0 0 0 0
1 43 1 0 0 0 0
2 43 0 0 0 0 0
1 43 0 0 1 1 0
2 43 0 0 0 0 0
1 52 0 0 1 0 0
2 52 0 0 1 0 0
2 52 1 0 1 1 0
2 52 0 0 0 0 0
2 52 0 0 0 0 0
2 52 0 0 0 0 0
2 52 1 0 1 1 0
2 52 0 0 0 0 0
2 52 1 0 1 0 0
0 0 0 0 0 0 0
1 43 0 0 1 1 0
2 43 0 0 0 0 0
1 43 1 0 0 0 0
2 43 0 0 0 0 0
1 43 0 0 1 1 0
2 43 0 0 0 0 0
1 48 0 0 1 0 0
2 48 0 0 1 0 0
2 48 1 0 1 1 0
2 48 0 0 0 0 0
2 48 0 0 0 0 0
2 48 0 0 0 0 0
2 48 1 0 1 1 0
2 48 0 0 0 0 0
2 48 1 0 1 0 0
0 0 0 0 0 0 0
1 43 0 0 1 1 0
2 43 0 0 0 0 0
1 43 1 0 0 0 0
2 43 0 0 0 0 0
1 53 0 0 1 1 0
2 53 0 0 0 0 0
0 0 0 0 1 0 0
0 0 0 0 1 0 0
0 0 1 0 1 1 0
0 0 0 0 0 0 0
0 0 0 0 0 0 0
0 0 0 0 0 0 0
0 0 1 0 1 1 0
0 0 0 0 0 0 0
0 0 1 0 1 0 0
0 0 0 0 0 0 0
1 43 0 0 1 1 0
2 43 0 0 0 0 0
1 43 1 0 0 0 0
2 43 0 0 0 0 0
1 43 0 0 1 1 0
2 43 0 0 0 0 0
1 50 0 0 1 0 0
2 50 0 0 1 0 0
2 50 1 0 1 1 0
0 0 0 0 0 0 0
0 0 0 0 0 0 0
0 0 0 0 0 0 0
0 0 1 0 1 1 0
0 0 0 0 0 0 0
0 0 1 0 1 0 0
0 0 0 0 0 0 0
0 0 0 0 1 1 0
0 0 0 0 0 0 0
0 0 1 0 0 0 0
0 0 0 0 0 0 0
0 0 0 0 1 1 0
0 0 0 0 0 0 0
0 0 0 0 0 0 0
0 0 0 0 0 0 0
0 0 1 0 1 1 0
0 0 0 0 0 0 0
0 0 0 0 0 0 0
0 0 0 0 0 0 0
0 0 1 0 1 1 0
0 0 0 0 0 0 0
0 0 1 0 1 0 0
0 0 0 0 0 0 0
1 43 0 0 1 1 0
2 43 0 0 0 0 0
1 43 1 0 0 0 0
2 43 0 0 0 0 0
1 43 0 0 1 1 0
2 43 0 0 0 0 0
1 48 0 0 1 0 0
2 48 0 0 1 0 0
2 48 1 0 1 1 0
2 48 0 0 0 0 0
2 48 0 0 0 0 0
2 48 0 0 0 0 0
2 48 1 0 1 1 0
2 48 0 0 0 0 0
2 48 1 0 1 0 0
0 0 0 0 0 0 0
1 43 0 0 1 1 0
2 43 0 0 0 0 0
1 43 1 0 0 0 0
2 43 0 0 0 0 0
1 53 0 0 1 1 0
2 53 0 0 0 0 0
0 0 0 0 1 0 0
0 0 0 0 1 0 0
0 0 1 0 1 1 0
0 0 0 0 0 0 0
0 0 0 0 0 0 0
0 0 0 0 0 0 0
0 0 1 0 1 1 0
0 0 0 0 0 0 0
0 0 1 0 1 0 0
0 0 0 0 0 0 0
1 43 0 0 1 1 0
2 43 0 0 0 0 0
1 43 1 0 0 0 0
2 43 0 0 0 0 0
1 43 0 0 1 1 0
2 43 0 0 0 0 0
1 50 0 0 1 0 0
2 50 0 0 1 0 0
2 50 1 0 1 1 0
2 50 0 0 0 0 0
2 50 0 0 0 0 0
2 50 0 0 0 0 0
2 50 1 0 1 1 0
2 50 0 0 0 0 0
2 50 1 0 1 0 0
0 0 0 0 0 0 0
1 43 0 0 1 1 0
2 43 0 0 0 0 0
1 43 1 0 0 0 0
2 43 0 0 0 0 0
1 43 0 0 1 1 0
2 43 0 0 0 0 0
1 52 0 0 1 0 0
2 52 0 0 1 0 0
2 52 1 0 1 1 0
2 52 0 0 0 0 0
2 52 0 0 0 0 0
2 52 0 0 0 0 0
2 52 1 0 1 1 0
2 52 0 0 0 0 0
2 52 1 0 1 0 0
0 0 0 0 0 0 0
1 43 0 0 1 1 0
2 43 0 0 0 0 0
1 43 1 0 0 0 0
2 43 0 0 0 0 0
1 43 0 0 1 1 0
2 43 0 0 0 0 0
1 48 0 0 1 0 0
2 48 0 0 1 0 0
2 48 1 0 1 1 0
2 48 0 0 0 0 0
2 48 0 0 0 0 0
2 48 0 0 0 0 0
2 48 1 0 1 1 0
2 48 0 0 0 0 0
2 48 1 0 1 0 0
0 0 0 0 0 0 0
1 43 0 0 1 1 0
2 43 0 0 0 0 0
1 43 1 0 0 0 0
2 43 0 0 0 0 0
1 53 0 0 1 1 0
2 53 0 0 0 0 0
0 0 0 0 1 0 0
0 0 0 0 1 0 0
0 0 1 0 1 1 0
0 0 0 0 0 0 0
0 0 0 0 0 0 0
0 0 0 0 0 0 0
0 0 1 0 1 1 0
0 0 0 0 0 0 0
0 0 1 0 1 0 0
0 0 0 0 0 0 0
1 43 0 0 1 1 0
2 43 0 0 0 0 0
1 43 1 0 0 0 0
2 43 0 0 0 0 0
1 43 0 0 1 1 0
2 43 0 0 0 0 0
1 50 0 0 1 0 0
2 50 0 0 1 0 0
2 50 1 0 1 1 0
0 0 0 0 0 0 0
0 0 0 0 0 0 0
0 0 0 0 0 0 0
0 0 1 0 1 1 0
0 0 0 0 0 0 0
0 0 1 0 1 0 0
0 0 0 0 0 0 0
0 0 0 0 1 1 0
0 0 0 0 0 0 0
0 0 1 0 0 0 0
0 0 0 0 0 0 0
0 0 0 0 1 1 0
0 0 0 0 0 0 0
0 0 0 0 0 0 0
0 0 0 0 0 0 0
0 0 0 0 0 0 0
0 0 0 0 0 0 0
0 0 0 0 0 0 0
0 0 0 0 0 0 0
0 0 0 0 0 0 0
0 0 0 0 0 0 0
0 0 0 0 0 0 0
0 0 0 0 0 0 0
1 43 0 0 0 0 0
2 43 0 0 0 0 0
1 43 0 0 0 0 0
2 43 0 0 0 0 0
1 43 0 0 0 0 0
2 43 0 0 0 0 0
1 48 0 0 0 0 0
2 48 0 0 0 0 0
2 48 0 0 0 0 0
2 48 0 0 0 0 0
2 48 0 0 0 0 0
2 48 0 0 0 0 0
2 48 0 0 0 0 0
2 48 0 0 0 0 0
2 48 0 0 0 0 0
0 0 0 0 0 0 0
1 43 0 0 0 0 1
2 43 0 0 0 0 0
1 43 0 0 0 0 0
2 43 0 0 0 0 0
1 53 0 0 0 0 0
2 53 0 0 0 0 0
0 0 0 0 0 0 0
0 0 0 0 0 0 0
0 0 0 0 0 0 1
0 0 0 0 0 0 0
0 0 0 0 0 0 0
0 0 0 0 0 0 0
0 0 0 0 0 0 0
0 0 0 0 0 0 0
0 0 0 0 0 0 0
0 0 0 0 0 0 0
1 43 0 0 0 0 1
2 43 0 0 0 0 0
1 43 0 0 0 0 0
2 43 0 0 0 0 0
1 43 0 0 0 0 0
2 43 0 0 0 0 0
1 50 0 0 0 0 0
2 50 0 0 0 0 0
2 50 0 0 0 0 1
2 50 0 0 0 0 0
2 50 0 0 0 0 0
2 50 0 0 0 0 0
2 50 0 0 0 0 0
2 50 0 0 0 0 0
2 50 0 0 0 0 0
0 0 0 0 0 0 0
1 43 0 0 0 0 1
2 43 0 0 0 0 0
1 43 0 0 0 0 0
2 43 0 0 0 0 0
1 43 0 0 0 0 0
2 43 0 0 0 0 0
1 52 0 0 0 0 0
2 52 0 0 0 0 0
2 52 0 0 0 0 1
2 52 0 0 0 0 0
2 52 0 0 0 0 0
2 52 0 0 0 0 0
2 52 0 0 0 0 0
2 52 0 0 0 0 0
2 52 0 0 0 0 0
0 0 0 0 0 0 0
1 43 0 0 0 0 1
2 43 0 0 0 0 0
1 43 0 0 0 0 0
2 43 0 0 0 0 0
1 43 0 0 0 0 0
2 43 0 0 0 0 0
1 48 0 0 0 0 0
2 48 0 0 0 0 0
2 48 0 0 0 0 1
2 48 0 0 0 0 0
2 48 0 0 0 0 0
2 48 0 0 0 0 0
2 48 0 0 0 0 0
2 48 0 0 0 0 0
2 48 0 0 0 0 0
0 0 0 0 0 0 0
1 43 0 0 0 0 1
2 43 0 0 0 0 0
0 0 0 0 0 0 0
0 0 0 0 0 0 0
1 43 0 0 0 0 0
2 43 0 0 0 0 0
1 55 0 0 0 0 0
2 55 0 0 0 0 0
2 55 0 0 0 0 1
2 55 0 0 0 0 0
2 55 0 0 0 0 0
2 55 0 0 0 0 0
2 55 0 0 0 0 0
2 55 0 0 0 0 0
2 55 0 0 0 0 0
0 0 0 0 0 0 0
1 43 0 0 0 0 1
2 43 0 0 0 0 0
1 43 0 0 0 0 0
2 43 0 0 0 0 0
1 43 0 0 0 0 0
2 43 0 0 0 0 0
1 50 0 0 0 0 0
2 50 0 0 0 0 0
2 50 0 0 0 0 1
2 50 0 0 0 0 0
2 50 0 0 0 0 0
2 50 0 0 0 0 0
2 50 0 0 0 0 0
2 50 0 0 0 0 0
2 50 0 0 0 0 0
0 0 0 0 0 0 0
1 43 0 0 0 0 1
2 43 0 0 0 0 0
1 43 0 0 0 0 0
2 43 0 0 0 0 0
1 43 0 0 0 0 0
2 43 0 0 0 0 0
1 52 0 0 1 0 0
2 52 0 0 1 0 0
2 52 1 0 0 0 1
2 52 0 0 0 0 0
2 52 0 0 0 0 0
2 52 0 0 0 0 0
2 52 0 0 1 0 1
2 52 0 0 0 0 0
2 52 0 0 1 0 0
0 0 0 0 0 0 0
1 43 0 0 1 0 1
2 43 0 0 0 0 0
1 43 0 0 1 0 0
2 43 0 0 0 0 0
1 43 0 0 1 0 1
2 43 0 0 0 0 0
1 48 0 0 1 0 0
2 48 0 0 0 0 0
2 48 1 0 0 0 1
2 48 0 0 0 0 0
2 48 0 0 0 0 0
2 48 0 0 0 0 0
2 48 0 1 0 0 1
2 48 0 0 0 0 0
2 48 0 1 0 0 0
0 0 0 0 0 0 0
1 43 0 1 0 0 1
2 43 0 0 0 0 0
1 43 0 1 0 0 0
2 43 0 0 0 0 0
1 53 0 1 0 0 1
2 53 0 0 0 0 0
0 0 0 1 0 0 0
0 0 0 0 0 0 0
0 0 1 0 0 0 1
0 0 0 0 0 0 0
0 0 0 0 0 0 0
0 0 0 0 0 0 0
0 0 0 0 1 0 1
0 0 0 0 0 0 0
0 0 0 0 1 0 0
0 0 0 0 0 0 0
1 43 0 0 1 0 1
2 43 0 0 0 0 0
1 43 0 0 1 0 0
2 43 0 0 0 0 0
1 43 0 0 1 0 1
2 43 0 0 0 0 0
1 50 0 0 1 0 0
2 50 0 0 0 0 0
2 50 1 0 0 0 1
2 50 0 0 0 0 0
2 50 0 0 0 0 0
2 50 0 0 0 0 0
2 50 0 1 0 0 1
2 50 0 0 0 0 0
2 50 0 1 0 0 0
0 0 0 0 0 0 0
1 43 0 1 0 0 1
2 43 0 0 0 0 0
1 43 0 1 0 0 0
2 43 0 0 0 0 0
1 43 0 1 0 0 1
2 43 0 0 0 0 0
1 52 0 1 0 0 0
2 52 0 0 0 0 0
2 52 1 0 0 0 1
2 52 0 0 0 0 0
2 52 0 0 0 0 0
2 52 0 0 0 0 0
2 52 0 0 1 0 1
2 52 0 0 0 0 0
2 52 0 0 1 0 0
0 0 0 0 0 0 0
1 43 0 0 1 0 1
2 43 0 0 0 0 0
1 43 0 0 1 0 0
2 43 0 0 0 0 0
1 43 0 0 1 0 1
2 43 0 0 0 0 0
1 48 0 0 1 0 0
2 48 0 0 0 0 0
2 48 1 0 0 0 1
2 48 0 0 0 0 0
2 48 0 0 0 0 0
2 48 0 0 0 0 0
2 48 0 1 0 0 1
2 48 0 0 0 0 0
2 48 0 1 0 0 0
0 0 0 0 0 0 0
1 43 0 1 0 0 1
2 43 0 0 0 0 0
1 43 0 1 0 0 0
2 43 0 0 0 0 0
1 53 0 1 0 0 1
2 53 0 0 0 0 0
0 0 0 1 0 0 0
0 0 0 0 0 0 0
0 0 1 0 0 0 1
0 0 0 0 0 0 0
0 0 0 0 0 0 0
0 0 0 0 0 0 0
0 0 0 0 1 0 1
0 0 0 0 0 0 0
0 0 0 0 1 0 0
0 0 0 0 0 0 0
1 43 0 0 1 0 1
2 43 0 0 0 0 0
1 43 0 0 1 0 0
2 43 0 0 0 0 0
1 43 0 0 1 0 1
2 43 0 0 0 0 0
1 50 0 0 1 0 0
2 50 0 0 0 0 0
2 50 1 0 0 0 1
2 50 0 0 0 0 0
2 50 0 0 0 0 0
2 50 0 0 0 0 0
2 50 0 1 0 0 1
2 50 0 0 0 0 0
2 50 0 1 0 0 0
0 0 0 0 0 0 0
1 43 0 1 0 0 1
2 43 0 0 0 0 0
1 43 0 0 0 0 0
2 43 0 1 0 0 0
1 43 0 1 0 0 1
2 43 0 0 0 0 0
1 52 0 1 0 0 0
2 52 0 0 0 0 0
2 52 1 0 0 0 1
2 52 0 0 0 0 0
2 52 0 0 0 0 0
2 52 0 0 0 0 0
2 52 0 0 1 0 1
2 52 0 0 0 0 0
2 52 0 0 1 0 0
0 0 0 0 0 0 0
1 43 0 0 1 0 1
2 43 0 0 0 0 0
1 43 0 0 1 0 0
2 43 0 0 0 0 0
1 43 0 0 1 0 1
2 43 0 0 0 0 0
1 48 0 0 1 0 0
2 48 0 0 0 0 0
2 48 1 0 0 0 1
2 48 0 0 0 0 0
2 48 0 0 0 0 0
2 48 0 0 0 0 0
2 48 0 0 1 0 1
2 48 0 0 0 0 0
2 48 0 0 1 0 0
0 0 0 0 0 0 0
1 43 0 0 1 0 1
2 43 0 0 0 0 0
1 43 0 0 1 0 0
2 43 0 0 0 0 0
1 53 0 0 1 0 1
2 53 0 0 0 0 0
0 0 0 0 1 0 0
0 0 0 0 0 0 0
0 0 1 0 0 0 1
0 0 0 0 0 0 0
0 0 0 0 0 0 0
0 0 0 0 0 0 0
0 0 0 0 1 0 1
0 0 0 0 0 0 0
0 0 0 0 1 0 0
0 0 0 0 0 0 0
1 43 0 0 1 0 1
2 43 0 0 0 0 0
1 43 0 0 1 0 0
2 43 0 0 0 0 0
1 43 0 0 1 0 1
2 43 0 0 0 0 0
1 50 0 0 1 0 0
2 50 0 0 0 0 0
2 50 1 0 0 0 1
2 50 0 0 0 0 0
2 50 0 0 0 0 0
2 50 0 0 0 0 0
2 50 0 0 1 0 1
2 50 0 0 0 0 0
2 50 0 0 1 0 0
0 0 0 0 0 0 0
1 43 0 0 1 0 1
2 43 0 0 0 0 0
1 43 0 0 1 0 0
2 43 0 0 0 0 0
1 43 0 0 1 0 1
2 43 0 0 0 0 0
1 52 0 0 1 0 0
2 52 0 0 0 0 0
2 52 1 0 0 0 1
2 52 0 0 0 0 0
2 52 0 0 0 0 0
2 52 0 0 0 0 0
2 52 0 0 1 0 1
2 52 0 0 0 0 0
2 52 0 0 1 0 0
0 0 0 0 0 0 0
1 43 0 0 1 0 1
2 43 0 0 0 0 0
1 43 0 0 1 0 0
2 43 0 0 0 0 0
1 43 0 0 1 0 1
2 43 0 0 0 0 0
1 48 0 0 1 0 0
2 48 0 0 0 0 0
2 48 1 0 0 0 1
2 48 0 0 0 0 0
2 48 0 0 0 0 0
2 48 0 0 0 0 0
2 48 0 0 1 0 1
2 48 0 0 0 0 0
2 48 0 0 1 0 0
0 0 0 0 0 0 0
1 43 0 0 1 0 1
2 43 0 0 0 0 0
1 43 0 0 1 0 0
2 43 0 0 0 0 0
1 53 0 0 1 0 1
2 53 0 0 0 0 0
0 0 0 0 1 0 0
0 0 0 0 0 0 0
0 0 1 0 0 0 1
0 0 0 0 0 0 0
0 0 0 0 0 0 0
0 0 0 0 0 0 0
0 0 0 0 1 0 1
0 0 0 0 0 0 0
0 0 0 0 1 0 0
0 0 0 0 0 0 0
1 43 0 0 1 0 1
2 43 0 0 0 0 0
1 43 0 0 1 0 0
2 43 0 0 0 0 0
1 43 0 0 1 0 1
2 43 0 0 0 0 0
1 50 0 0 1 0 0
2 50 0 0 0 0 0
2 50 0 0 0 0 1
2 50 0 0 0 0 0
2 50 0 0 0 0 0
2 50 0 0 0 0 0
2 50 0 0 1 0 1
2 50 0 0 0 0 0
2 50 0 0 1 0 0
0 0 0 0 0 0 0
1 43 0 0 1 0 1
2 43 0 0 0 0 0
1 43 0 0 1 0 0
2 43 0 0 0 0 0
1 43 0 0 1 0 1
2 43 0 0 0 0 0
1 52 0 0 1 0 0
2 52 0 0 0 0 0
2 52 0 0 0 0 1
2 52 0 0 0 0 0
2 52 0 0 0 0 0
2 52 0 0 0 0 0
2 52 0 0 1 0 0
2 52 0 0 0 0 0
2 52 0 0 1 0 0
0 0 0 0 0 0 0
1 43 0 0 1 0 1
2 43 0 0 0 0 0
1 43 0 0 1 0 0
2 43 0 0 0 0 0
1 43 0 0 1 0 0
2 43 0 0 0 0 0
1 48 0 0 1 0 0
2 48 0 0 0 0 0
2 48 0 0 0 0 1
2 48 0 0 0 0 0
2 48 0 0 0 0 0
2 48 0 0 0 0 0
2 48 0 0 1 0 0
2 48 0 0 0 0 0
2 48 0 0 1 0 0
0 0 0 0 0 0 0
1 43 0 0 1 0 1
2 43 0 0 0 0 0
1 43 0 0 1 0 0
2 43 0 0 0 0 0
1 53 0 0 1 0 0
2 53 0 0 0 0 0
0 0 0 0 1 0 0
0 0 0 0 0 0 0
0 0 0 0 0 0 0
0 0 0 0 0 0 0
0 0 0 0 0 0 0
0 0 0 0 0 0 0
0 0 0 0 1 0 0
0 0 0 0 0 0 0
0 0 0 0 1 0 0
0 0 0 0 0 0 0
1 43 0 0 1 0 0
2 43 0 0 0 0 0
1 43 0 0 1 0 0
2 43 0 0 0 0 0
1 43 0 0 1 0 0
2 43 0 0 0 0 0
1 50 0 0 1 0 0
2 50 0 0 0 0 0
2 50 0 0 0 0 0
2 50 0 0 0 0 0
2 50 0 0 0 0 0
2 50 0 0 0 0 0
2 50 0 0 0 0 0
2 50 0 0 0 0 0
2 50 0 0 0 0 0
0 0 0 0 0 0 0
1 43 0 0 0 0 0
2 43 0 0 0 0 0
1 43 0 0 0 0 0
2 43 0 0 0 0 0
1 43 0 0 0 0 0
2 43 0 0 0 0 0
1 52 0 0 0 0 0
2 52 0 0 0 0 0
2 52 0 0 0 0 0
2 52 0 0 0 0 0
2 52 0 0 0 0 0
2 52 0 0 0 0 0
2 52 0 0 0 0 0
2 52 0 0 0 0 0
2 52 0 0 0 0 0
0 0 0 0 0 0 0
1 43 0 0 0 0 0
2 43 0 0 0 0 0
1 43 0 0 0 0 0
2 43 0 0 0 0 0
1 43 0 0 0 0 0
2 43 0 0 0 0 0
1 48 0 0 0 0 0
2 48 0 0 0 0 0
2 48 0 0 0 0 0
2 48 0 0 0 0 0
2 48 0 0 0 0 0
2 48 0 0 0 0 0
2 48 0 0 0 0 0
2 48 0 0 0 0 0
2 48 0 0 0 0 0
0 0 0 0 0 0 0
1 43 0 0 0 0 0
2 43 0 0 0 0 0
1 43 0 0 0 0 0
2 43 0 0 0 0 0
1 53 0 0 0 0 0
2 53 0 0 0 0 0
