0 0 1 0 0 0 1
0 0 0 0 0 0 0
1 52 0 0 0 0 0
2 52 0 0 0 0 0
2 52 0 0 0 0 1
0 0 0 0 0 0 0
0 0 0 0 0 0 0
0 0 0 0 0 0 0
1 52 0 0 1 0 1
2 52 0 0 0 0 0
2 52 0 0 0 0 0
0 0 0 0 0 0 0
1 50 0 0 0 0 1
2 50 0 0 0 0 0
2 50 0 0 0 0 0
0 0 0 0 0 0 0
1 47 1 0 0 0 1
2 47 0 0 0 0 0
2 47 0 0 0 0 0
0 0 0 0 0 0 0
1 47 0 0 0 0 1
2 47 0 0 0 0 0
2 47 0 0 0 0 0
0 0 0 0 0 0 0
0 0 0 0 1 0 1
0 0 0 0 0 0 0
0 0 0 0 0 0 0
0 0 0 0 0 0 0
0 0 0 0 0 0 1
0 0 0 0 0 0 0
0 0 0 0 0 0 0
0 0 0 0 0 0 0
0 0 1 0 0 0 1
0 0 0 0 0 0 0
1 52 0 0 0 0 0
2 52 0 0 0 0 0
2 52 0 0 0 0 1
0 0 0 0 0 0 0
0 0 0 0 0 0 0
0 0 0 0 0 0 0
1 52 0 0 1 0 1
2 52 0 0 0 0 0
2 52 0 0 0 0 0
0 0 0 0 0 0 0
1 50 0 0 0 0 1
2 50 0 0 0 0 0
2 50 0 0 0 0 0
0 0 0 0 0 0 0
1 47 1 0 0 0 1
2 47 0 0 0 0 0
2 47 0 0 0 0 0
0 0 0 0 0 0 0
0 0 0 0 0 0 1
0 0 0 0 0 0 0
0 0 0 0 0 0 0
0 0 0 0 0 0 0
0 0 0 0 1 0 1
0 0 0 0 0 0 0
1 38 0 0 0 0 0
2 38 0 0 0 0 0
2 38 0 0 0 0 1
0 0 0 0 0 0 0
0 0 0 0 0 0 0
0 0 0 0 0 0 0
0 0 1 0 0 0 1
0 0 0 0 0 0 0
1 52 0 0 0 0 0
2 52 0 0 0 0 0
2 52 0 0 0 0 1
0 0 0 0 0 0 0
0 0 0 0 0 0 0
0 0 0 0 0 0 0
1 52 0 0 1 0 1
2 52 0 0 0 0 0
2 52 0 0 0 0 0
0 0 0 0 0 0 0
1 50 0 0 0 0 1
2 50 0 0 0 0 0
2 50 0 0 0 0 0
0 0 0 0 0 0 0
1 47 1 0 0 0 1
2 47 0 0 0 0 0
2 47 0 0 0 0 0
0 0 0 0 0 0 0
1 47 0 0 0 0 1
2 47 0 0 0 0 0
2 47 0 0 0 0 0
0 0 0 0 0 0 0
0 0 0 0 1 0 1
0 0 0 0 0 0 0
0 0 0 0 0 0 0
0 0 0 0 0 0 0
0 0 0 0 0 0 1
0 0 0 0 0 0 0
0 0 0 0 0 0 0
0 0 0 0 0 0 0
0 0 1 0 0 0 1
0 0 0 0 0 0 0
1 52 0 0 0 0 0
2 52 0 0 0 0 0
2 52 0 0 0 0 1
0 0 0 0 0 0 0
0 0 0 0 0 0 0
0 0 0 0 0 0 0
1 52 0 0 1 0 1
2 52 0 0 0 0 0
2 52 0 0 0 0 0
0 0 0 0 0 0 0
1 50 0 0 0 0 1
2 50 0 0 0 0 0
2 50 0 0 0 0 0
0 0 0 0 0 0 0
1 47 1 0 0 0 1
2 47 0 0 0 0 0
2 47 0 0 0 0 0
0 0 0 0 0 0 0
0 0 0 0 0 0 1
0 0 0 0 0 0 0
0 0 0 0 0 0 0
0 0 0 0 0 0 0
0 0 0 0 1 0 1
0 0 0 0 0 0 0
1 38 0 0 0 0 0
2 38 0 0 0 0 0
2 38 0 0 0 0 1
0 0 0 0 0 0 0
0 0 0 0 0 0 0
0 0 0 0 0 0 0
0 0 1 0 0 0 1
0 0 0 0 0 0 0
1 52 0 0 0 0 0
2 52 0 0 0 0 0
2 52 0 0 0 0 1
0 0 0 0 0 0 0
0 0 0 0 0 0 0
0 0 0 0 0 0 0
1 52 0 0 1 0 1
2 52 0 0 0 0 0
2 52 0 0 0 0 0
0 0 0 0 0 0 0
1 50 0 0 0 0 1
2 50 0 0 0 0 0
2 50 0 0 0 0 0
0 0 0 0 0 0 0
1 47 1 0 0 0 1
2 47 0 0 0 0 0
2 47 0 0 0 0 0
0 0 0 0 0 0 0
1 47 0 0 0 0 1
2 47 0 0 0 0 0
2 47 0 0 0 0 0
0 0 0 0 0 0 0
0 0 0 0 1 0 1
0 0 0 0 0 0 0
0 0 0 0 0 0 0
0 0 0 0 0 0 0
0 0 0 0 0 0 1
0 0 0 0 0 0 0
0 0 0 0 0 0 0
0 0 0 0 0 0 0
0 0 1 0 0 0 1
0 0 0 0 0 0 0
1 52 0 0 0 0 0
2 52 0 0 0 0 0
2 52 0 0 0 0 1
0 0 0 0 0 0 0
0 0 0 0 0 0 0
0 0 0 0 0 0 0
1 52 0 0 1 0 1
2 52 0 0 0 0 0
2 52 0 0 0 0 0
0 0 0 0 0 0 0
1 50 0 0 0 0 1
2 50 0 0 0 0 0
2 50 0 0 0 0 0
0 0 0 0 0 0 0
1 47 1 0 0 0 1
2 47 0 0 0 0 0
2 47 0 0 0 0 0
0 0 0 0 0 0 0
0 0 0 0 0 0 1
0 0 0 0 0 0 0
0 0 0 0 0 0 0
0 0 0 0 0 0 0
0 0 0 0 1 0 1
0 0 0 0 0 0 0
1 38 0 0 0 0 0
2 38 0 0 0 0 0
2 38 0 0 0 0 1
0 0 0 0 0 0 0
0 0 0 0 0 0 0
0 0 0 0 0 0 0
0 0 1 0 0 0 1
0 0 0 0 0 0 0
1 52 0 0 0 0 0
2 52 0 0 0 0 0
2 52 0 0 0 0 1
0 0 0 0 0 0 0
0 0 0 0 0 0 0
0 0 0 0 0 0 0
1 52 0 0 1 0 1
2 52 0 0 0 0 0
2 52 0 0 0 0 0
0 0 0 0 0 0 0
1 50 0 0 0 0 1
2 50 0 0 0 0 0
2 50 0 0 0 0 0
0 0 0 0 0 0 0
1 47 1 0 0 0 1
2 47 0 0 0 0 0
2 47 0 0 0 0 0
0 0 0 0 0 0 0
1 47 0 0 0 0 1
2 47 0 0 0 0 0
2 47 0 0 0 0 0
0 0 0 0 0 0 0
0 0 0 0 1 0 1
0 0 0 0 0 0 0
0 0 0 0 0 0 0
0 0 0 0 0 0 0
0 0 0 0 0 0 1
0 0 0 0 0 0 0
0 0 0 0 0 0 0
0 0 0 0 0 0 0
0 0 1 0 0 0 1
0 0 0 0 0 0 0
1 52 0 0 0 0 0
2 52 0 0 0 0 0
2 52 0 0 0 0 1
0 0 0 0 0 0 0
0 0 0 0 0 0 0
0 0 0 0 0 0 0
1 52 0 0 1 0 1
2 52 0 0 0 0 0
2 52 0 0 0 0 0
0 0 0 0 0 0 0
1 50 0 0 0 0 1
2 50 0 0 0 0 0
2 50 0 0 0 0 0
0 0 0 0 0 0 0
1 47 1 0 0 0 1
2 47 0 0 0 0 0
2 47 0 0 0 0 0
0 0 0 0 0 0 0
0 0 0 0 0 0 1
0 0 0 0 0 0 0
0 0 0 0 0 0 0
0 0 0 0 0 0 0
0 0 0 0 1 0 1
0 0 0 0 0 0 0
1 38 0 0 0 0 0
2 38 0 0 0 0 0
2 38 0 0 0 0 1
0 0 0 0 0 0 0
0 0 0 0 0 0 0
0 0 0 0 0 0 0
0 0 1 0 0 0 1
0 0 0 0 0 0 0
1 52 0 0 0 0 0
2 52 0 0 0 0 0
2 52 0 0 0 0 1
0 0 0 0 0 0 0
0 0 0 0 0 0 0
0 0 0 0 0 0 0
1 52 0 0 1 0 1
2 52 0 0 0 0 0
2 52 0 0 0 0 0
0 0 0 0 0 0 0
1 50 0 0 0 0 1
2 50 0 0 0 0 0
2 50 0 0 0 0 0
0 0 0 0 0 0 0
1 47 1 0 0 0 1
2 47 0 0 0 0 0
2 47 0 0 0 0 0
0 0 0 0 0 0 0
1 47 0 0 0 0 1
2 47 0 0 0 0 0
2 47 0 0 0 0 0
0 0 0 0 0 0 0
0 0 0 0 1 0 1
0 0 0 0 0 0 0
0 0 0 0 0 0 0
0 0 0 0 0 0 0
0 0 0 0 0 0 1
0 0 0 0 0 0 0
0 0 0 0 0 0 0
0 0 0 0 0 0 0
0 0 1 0 0 0 1
0 0 0 0 0 0 0
1 52 0 0 0 0 0
2 52 0 0 0 0 0
2 52 0 0 0 0 1
0 0 0 0 0 0 0
0 0 0 0 0 0 0
0 0 0 0 0 0 0
1 52 0 0 1 0 1
2 52 0 0 0 0 0
2 52 0 0 0 0 0
0 0 0 0 0 0 0
1 50 0 0 0 0 1
2 50 0 0 0 0 0
2 50 0 0 0 0 0
0 0 0 0 0 0 0
1 47 1 0 0 0 1
2 47 0 0 0 0 0
2 47 0 0 0 0 0
0 0 0 0 0 0 0
0 0 0 0 0 0 1
0 0 0 0 0 0 0
0 0 0 0 0 0 0
0 0 0 0 0 0 0
0 0 0 0 1 0 1
0 0 0 0 0 0 0
1 38 0 0 0 0 0
2 38 0 0 0 0 0
2 38 0 0 0 0 1
0 0 0 0 0 0 0
0 0 0 0 0 0 0
0 0 0 0 0 0 0
0 0 1 0 0 0 1
0 0 0 0 0 0 0
1 52 0 0 0 0 0
2 52 0 0 0 0 0
2 52 0 0 0 0 1
0 0 0 0 0 0 0
0 0 0 0 0 0 0
0 0 0 0 0 0 0
1 52 0 0 1 0 1
2 52 0 0 0 0 0
2 52 0 0 0 0 0
0 0 0 0 0 0 0
1 50 0 0 0 0 1
2 50 0 0 0 0 0
2 50 0 0 0 0 0
0 0 0 0 0 0 0
1 47 1 0 0 0 1
2 47 0 0 0 0 0
2 47 0 0 0 0 0
0 0 0 0 0 0 0
1 47 0 0 0 0 1
2 47 0 0 0 0 0
2 47 0 0 0 0 0
0 0 0 0 0 0 0
0 0 0 0 1 0 1
0 0 0 0 0 0 0
0 0 0 0 0 0 0
0 0 0 0 0 0 0
0 0 0 0 0 0 1
0 0 0 0 0 0 0
0 0 0 0 0 0 0
0 0 0 0 0 0 0
0 0 1 0 0 0 1
0 0 0 0 0 0 0
1 52 0 0 0 0 0
2 52 0 0 0 0 0
2 52 0 0 0 0 1
0 0 0 0 0 0 0
0 0 0 0 0 0 0
0 0 0 0 0 0 0
1 52 0 0 1 0 1
2 52 0 0 0 0 0
2 52 0 0 0 0 0
0 0 0 0 0 0 0
1 50 0 0 0 0 1
2 50 0 0 0 0 0
2 50 0 0 0 0 0
0 0 0 0 0 0 0
1 47 1 0 0 0 1
2 47 0 0 0 0 0
2 47 0 0 0 0 0
0 0 0 0 0 0 0
0 0 0 0 0 0 1
0 0 0 0 0 0 0
0 0 0 0 0 0 0
0 0 0 0 0 0 0
0 0 0 0 1 0 1
0 0 0 0 0 0 0
1 38 0 0 0 0 0
2 38 0 0 0 0 0
2 38 0 0 0 0 1
0 0 0 0 0 0 0
0 0 0 0 0 0 0
0 0 0 0 0 0 0
0 0 1 0 0 0 1
0 0 0 0 0 0 0
1 52 0 0 0 0 0
2 52 0 0 0 0 0
2 52 0 0 0 0 1
0 0 0 0 0 0 0
0 0 0 0 0 0 0
0 0 0 0 0 0 0
1 52 0 0 1 0 1
2 52 0 0 0 0 0
2 52 0 0 0 0 0
0 0 0 0 0 0 0
1 50 0 0 0 0 1
2 50 0 0 0 0 0
2 50 0 0 0 0 0
0 0 0 0 0 0 0
1 47 1 0 0 0 1
2 47 0 0 0 0 0
2 47 0 0 0 0 0
0 0 0 0 0 0 0
1 47 0 0 0 0 1
2 47 0 0 0 0 0
2 47 0 0 0 0 0
0 0 0 0 0 0 0
0 0 0 0 1 0 1
0 0 0 0 0 0 0
0 0 0 0 0 0 0
0 0 0 0 0 0 0
0 0 0 0 0 0 1
0 0 0 0 0 0 0
0 0 0 0 0 0 0
0 0 0 0 0 0 0
0 0 1 0 0 0 1
0 0 0 0 0 0 0
1 52 0 0 0 0 0
2 52 0 0 0 0 0
2 52 0 0 0 0 1
0 0 0 0 0 0 0
0 0 0 0 0 0 0
0 0 0 0 0 0 0
1 52 0 0 1 0 1
2 52 0 0 0 0 0
2 52 0 0 0 0 0
0 0 0 0 0 0 0
1 50 0 0 0 0 1
2 50 0 0 0 0 0
2 50 0 0 0 0 0
0 0 0 0 0 0 0
1 47 1 0 0 0 1
2 47 0 0 0 0 0
2 47 0 0 0 0 0
0 0 0 0 0 0 0
0 0 0 0 0 0 1
0 0 0 0 0 0 0
0 0 0 0 0 0 0
0 0 0 0 0 0 0
0 0 0 0 1 0 1
0 0 0 0 0 0 0
1 38 0 0 0 0 0
2 38 0 0 0 0 0
2 38 0 0 0 0 1
0 0 0 0 0 0 0
0 0 0 0 0 0 0
0 0 0 0 0 0 0
0 0 1 0 0 0 1
0 0 0 0 0 0 0
1 52 0 0 0 0 0
2 52 0 0 0 0 0
2 52 0 0 0 0 1
0 0 0 0 0 0 0
0 0 0 0 0 0 0
0 0 0 0 0 0 0
1 52 0 0 1 0 1
2 52 0 0 0 0 0
2 52 0 0 0 0 0
0 0 0 0 0 0 0
1 50 0 0 0 0 1
2 50 0 0 0 0 0
2 50 0 0 0 0 0
0 0 0 0 0 0 0
1 47 1 0 0 0 1
2 47 0 0 0 0 0
2 47 0 0 0 0 0
0 0 0 0 0 0 0
1 47 0 0 0 0 1
2 47 0 0 0 0 0
2 47 0 0 0 0 0
0 0 0 0 0 0 0
0 0 0 0 1 0 1
0 0 0 0 0 0 0
0 0 0 0 0 0 0
0 0 0 0 0 0 0
0 0 0 0 0 0 1
0 0 0 0 0 0 0
0 0 0 0 0 0 0
0 0 0 0 0 0 0
0 0 1 0 0 0 1
0 0 0 0 0 0 0
1 52 0 0 0 0 0
2 52 0 0 0 0 0
2 52 0 0 0 0 1
0 0 0 0 0 0 0
0 0 0 0 0 0 0
0 0 0 0 0 0 0
1 52 0 0 1 0 1
2 52 0 0 0 0 0
2 52 0 0 0 0 0
0 0 0 0 0 0 0
1 50 0 0 0 0 1
2 50 0 0 0 0 0
2 50 0 0 0 0 0
0 0 0 0 0 0 0
1 47 1 0 0 0 1
2 47 0 0 0 0 0
2 47 0 0 0 0 0
0 0 0 0 0 0 0
0 0 0 0 0 0 1
0 0 0 0 0 0 0
0 0 0 0 0 0 0
0 0 0 0 0 0 0
0 0 0 0 1 0 1
0 0 0 0 0 0 0
1 38 0 0 0 0 0
2 38 0 0 0 0 0
2 38 0 0 0 0 1
0 0 0 0 0 0 0
0 0 0 0 0 0 0
0 0 0 0 0 0 0
0 0 1 0 0 0 1
0 0 0 0 0 0 0
1 52 0 0 0 0 0
2 52 0 0 0 0 0
2 52 0 0 0 0 1
0 0 0 0 0 0 0
0 0 0 0 0 0 0
0 0 0 0 0 0 0
1 52 0 0 1 0 1
2 52 0 0 0 0 0
2 52 0 0 0 0 0
0 0 0 0 0 0 0
1 50 0 0 0 0 1
2 50 0 0 0 0 0
2 50 0 0 0 0 0
0 0 0 0 0 0 0
1 47 1 0 0 0 1
2 47 0 0 0 0 0
2 47 0 0 0 0 0
0 0 0 0 0 0 0
1 47 0 0 0 0 1
2 47 0 0 0 0 0
2 47 0 0 0 0 0
0 0 0 0 0 0 0
0 0 0 0 1 0 1
0 0 0 0 0 0 0
0 0 0 0 0 0 0
0 0 0 0 0 0 0
0 0 0 0 0 0 1
0 0 0 0 0 0 0
0 0 0 0 0 0 0
0 0 0 0 0 0 0
0 0 1 0 0 0 1
0 0 0 0 0 0 0
1 52 0 0 0 0 0
2 52 0 0 0 0 0
2 52 0 0 0 0 1
0 0 0 0 0 0 0
0 0 0 0 0 0 0
0 0 0 0 0 0 0
1 52 0 0 1 0 1
2 52 0 0 0 0 0
2 52 0 0 0 0 0
0 0 0 0 0 0 0
1 50 0 0 0 0 1
2 50 0 0 0 0 0
2 50 0 0 0 0 0
0 0 0 0 0 0 0
1 47 1 0 0 0 1
2 47 0 0 0 0 0
2 47 0 0 0 0 0
0 0 0 0 0 0 0
0 0 0 0 0 0 1
0 0 0 0 0 0 0
0 0 0 0 0 0 0
0 0 0 0 0 0 0
0 0 0 0 1 0 1
0 0 0 0 0 0 0
1 38 0 0 0 0 0
2 38 0 0 0 0 0
2 38 0 0 0 0 1
0 0 0 0 0 0 0
0 0 0 0 0 0 0
0 0 0 0 0 0 0
0 0 1 0 0 0 1
0 0 0 0 0 0 0
1 52 0 0 0 0 0
2 52 0 0 0 0 0
2 52 0 0 0 0 1
0 0 0 0 0 0 0
0 0 0 0 0 0 0
0 0 0 0 0 0 0
1 52 0 0 1 0 1
2 52 0 0 0 0 0
2 52 0 0 0 0 0
0 0 0 0 0 0 0
1 50 0 0 0 0 1
2 50 0 0 0 0 0
2 50 0 0 0 0 0
0 0 0 0 0 0 0
1 47 1 0 0 0 1
2 47 0 0 0 0 0
2 47 0 0 0 0 0
0 0 0 0 0 0 0
1 47 0 0 0 0 1
2 47 0 0 0 0 0
2 47 0 0 0 0 0
0 0 0 0 0 0 0
0 0 0 0 1 0 1
0 0 0 0 0 0 0
0 0 0 0 0 0 0
0 0 0 0 0 0 0
0 0 0 0 0 0 1
0 0 0 0 0 0 0
0 0 0 0 0 0 0
0 0 0 0 0 0 0
0 0 1 0 0 0 1
0 0 0 0 0 0 0
1 52 0 0 0 0 0
2 52 0 0 0 0 0
2 52 0 0 0 0 1
0 0 0 0 0 0 0
0 0 0 0 0 0 0
0 0 0 0 0 0 0
1 52 0 0 1 0 1
2 52 0 0 0 0 0
2 52 0 0 0 0 0
0 0 0 0 0 0 0
1 50 0 0 0 0 1
2 50 0 0 0 0 0
2 50 0 0 0 0 0
0 0 0 0 0 0 0
1 47 1 0 0 0 1
2 47 0 0 0 0 0
2 47 0 0 0 0 0
0 0 0 0 0 0 0
0 0 0 0 0 0 1
0 0 0 0 0 0 0
0 0 0 0 0 0 0
0 0 0 0 0 0 0
0 0 0 0 1 0 1
0 0 0 0 0 0 0
1 38 0 0 0 0 0
2 38 0 0 0 0 0
2 38 0 0 0 0 1
0 0 0 0 0 0 0
0 0 0 0 0 0 0
0 0 0 0 0 0 0
0 0 0 0 0 0 0
