1 40 1 0 0 1 0
2 40 0 0 0 0 0
2 40 0 0 0 0 0
2 40 0 0 0 0 0
2 40 0 0 0 0 0
2 40 0 0 0 0 0
2 40 0 0 0 0 0
0 0 0 0 0 0 0
1 38 0 0 1 0 1
2 38 0 0 0 0 0
2 38 0 0 0 0 0
2 38 0 0 0 0 0
2 38 0 0 0 0 0
2 38 0 0 0 0 0
2 38 0 0 0 0 0
0 0 0 0 0 0 0
1 35 1 0 0 0 1
2 35 0 0 0 0 0
2 35 0 0 0 0 0
2 35 0 0 0 0 0
2 35 1 0 0 0 1
0 0 0 0 0 0 0
1 35 1 0 0 0 1
2 35 0 0 0 0 0
2 35 0 0 1 0 1
0 0 0 0 0 0 0
0 0 0 0 0 0 0
0 0 0 0 0 0 0
1 38 1 0 0 0 1
2 38 0 0 0 0 0
2 38 1 0 0 0 1
0 0 0 0 0 0 0
0 0 1 0 0 0 1
0 0 0 0 0 0 0
0 0 0 0 0 0 0
0 0 0 0 0 0 0
0 0 1 0 0 0 1
0 0 0 0 0 0 0
0 0 0 0 0 0 0
0 0 0 0 0 0 0
0 0 0 0 1 0 1
0 0 0 0 0 0 0
0 0 0 0 0 0 0
0 0 0 0 0 0 0
0 0 1 0 0 0 1
0 0 0 0 0 0 0
0 0 0 0 0 0 0
0 0 0 0 0 0 0
0 0 1 0 0 0 1
0 0 0 0 0 0 0
0 0 0 0 0 0 0
0 0 0 0 0 0 0
1 37 1 0 0 0 1
2 37 0 0 0 0 0
2 37 1 0 0 0 1
0 0 0 0 0 0 0
0 0 0 0 1 0 1
0 0 0 0 0 0 0
0 0 0 0 0 0 0
0 0 0 0 0 0 0
0 0 1 0 0 0 1
0 0 0 0 0 0 0
0 0 0 0 0 0 0
0 0 0 0 0 0 0
1 40 1 0 0 1 0
2 40 0 0 0 0 0
2 40 0 0 0 0 0
2 40 0 0 0 0 0
2 40 0 0 0 0 0
2 40 0 0 0 0 0
2 40 0 0 0 0 0
0 0 0 0 0 0 0
1 38 0 0 1 0 1
2 38 0 0 0 0 0
2 38 0 0 0 0 0
2 38 0 0 0 0 0
2 38 0 0 0 0 0
2 38 0 0 0 0 0
2 38 0 0 0 0 0
0 0 0 0 0 0 0
1 35 1 0 0 0 1
2 35 0 0 0 0 0
2 35 0 0 0 0 0
2 35 0 0 0 0 0
2 35 1 0 0 0 1
0 0 0 0 0 0 0
1 35 1 0 0 0 1
2 35 0 0 0 0 0
2 35 0 0 1 0 1
0 0 0 0 0 0 0
0 0 0 0 0 0 0
0 0 0 0 0 0 0
1 38 1 0 0 0 1
2 38 0 0 0 0 0
2 38 1 0 0 0 1
0 0 0 0 0 0 0
0 0 1 0 0 0 1
0 0 0 0 0 0 0
0 0 0 0 0 0 0
0 0 0 0 0 0 0
0 0 1 0 0 0 1
0 0 0 0 0 0 0
0 0 0 0 0 0 0
0 0 0 0 0 0 0
0 0 0 0 1 0 1
0 0 0 0 0 0 0
0 0 0 0 0 0 0
0 0 0 0 0 0 0
0 0 1 0 0 0 1
0 0 0 0 0 0 0
0 0 0 0 0 0 0
0 0 0 0 0 0 0
0 0 0 0 1 0 1
0 0 0 0 0 0 0
0 0 0 0 0 0 0
0 0 0 0 0 0 0
0 0 0 0 0 0 0
0 0 0 0 0 0 0
0 0 0 0 0 0 0
0 0 0 0 0 0 0
1 31 1 0 0 0 1
2 31 0 0 0 0 0
2 31 0 0 0 0 0
2 31 0 0 0 0 0
2 31 0 0 0 0 0
2 31 0 0 0 0 0
2 31 0 0 0 0 0
2 31 0 0 0 0 0
2 31 1 0 0 1 0
0 0 0 0 0 0 0
0 0 0 0 0 0 0
0 0 0 0 0 0 0
0 0 0 0 0 0 0
0 0 0 0 0 0 0
0 0 0 0 0 0 0
0 0 0 0 0 0 0
1 38 0 0 1 0 1
2 38 0 0 0 0 0
2 38 0 0 0 0 0
2 38 0 0 0 0 0
2 38 0 0 0 0 0
2 38 0 0 0 0 0
2 38 0 0 0 0 0
0 0 0 0 0 0 0
1 35 1 0 0 0 1
2 35 0 0 0 0 0
2 35 0 0 0 0 0
2 35 0 0 0 0 0
2 35 1 0 0 0 1
0 0 0 0 0 0 0
1 35 1 0 0 0 1
2 35 0 0 0 0 0
2 35 0 0 1 0 1
0 0 0 0 0 0 0
0 0 0 0 0 0 0
0 0 0 0 0 0 0
1 38 1 0 0 0 1
2 38 0 0 0 0 0
2 38 1 0 0 0 1
0 0 0 0 0 0 0
0 0 1 0 0 0 1
0 0 0 0 0 0 0
0 0 0 0 0 0 0
0 0 0 0 0 0 0
0 0 1 0 0 0 1
0 0 0 0 0 0 0
0 0 0 0 0 0 0
0 0 0 0 0 0 0
0 0 0 0 1 0 1
0 0 0 0 0 0 0
0 0 0 0 0 0 0
0 0 0 0 0 0 0
0 0 1 0 0 0 1
0 0 0 0 0 0 0
0 0 0 0 0 0 0
0 0 0 0 0 0 0
0 0 1 0 0 0 1
0 0 0 0 0 0 0
0 0 0 0 0 0 0
0 0 0 0 0 0 0
1 37 1 0 0 0 1
2 37 0 0 0 0 0
2 37 1 0 0 0 1
0 0 0 0 0 0 0
0 0 0 0 1 0 1
0 0 0 0 0 0 0
0 0 0 0 0 0 0
0 0 0 0 0 0 0
0 0 1 0 0 0 1
0 0 0 0 0 0 0
0 0 0 0 0 0 0
0 0 0 0 0 0 0
1 40 1 0 0 0 1
2 40 0 0 0 0 0
2 40 0 0 0 0 0
2 40 0 0 0 0 0
2 40 0 0 0 0 0
2 40 0 0 0 0 0
2 40 0 0 0 0 0
0 0 0 0 0 0 0
1 38 0 0 1 0 1
2 38 0 0 0 0 0
2 38 0 0 0 0 0
2 38 0 0 0 0 0
2 38 0 0 0 0 0
2 38 0 0 0 0 0
2 38 0 0 0 0 0
0 0 0 0 0 0 0
1 35 1 0 0 0 1
2 35 0 0 0 0 0
2 35 0 0 0 0 0
2 35 0 0 0 0 0
2 35 1 0 0 0 1
0 0 0 0 0 0 0
1 35 1 0 0 0 1
2 35 0 0 0 0 0
2 35 0 0 1 0 1
0 0 0 0 0 0 0
0 0 0 0 0 0 0
0 0 0 0 0 0 0
1 38 1 0 0 0 1
2 38 0 0 0 0 0
2 38 1 0 0 0 1
0 0 0 0 0 0 0
0 0 1 0 0 0 1
0 0 0 0 0 0 0
0 0 0 0 0 0 0
0 0 0 0 0 0 0
0 0 1 0 0 0 1
0 0 0 0 0 0 0
0 0 0 0 0 0 0
0 0 0 0 0 0 0
0 0 0 0 1 0 1
0 0 0 0 0 0 0
0 0 0 0 0 0 0
0 0 0 0 0 0 0
0 0 1 0 0 0 1
0 0 0 0 0 0 0
0 0 0 0 0 0 0
0 0 0 0 0 0 0
0 0 0 0 1 0 1
0 0 0 0 0 0 0
0 0 0 0 0 0 0
0 0 0 0 0 0 0
0 0 0 0 0 0 0
0 0 0 0 0 0 0
0 0 0 0 0 0 0
0 0 0 0 0 0 0
1 31 1 0 0 0 1
2 31 0 0 0 0 0
2 31 0 0 0 0 0
2 31 0 0 0 0 0
2 31 0 0 0 0 0
2 31 0 0 0 0 0
2 31 0 0 0 0 0
2 31 0 0 0 0 0
2 31 1 0 0 1 0
0 0 0 0 0 0 0
0 0 0 0 0 0 0
0 0 0 0 0 0 0
0 0 0 0 0 0 0
0 0 0 0 0 0 0
0 0 0 0 0 0 0
0 0 0 0 0 0 0
0 0 0 0 0 0 1
0 0 0 0 0 0 0
1 49 0 0 0 0 0
2 49 0 0 0 0 0
2 49 0 0 0 0 1
0 0 0 0 0 0 0
0 0 0 0 0 0 0
0 0 0 0 0 0 0
1 38 0 0 0 0 1
2 38 0 0 0 0 0
2 38 0 0 0 0 0
0 0 0 0 0 0 0
0 0 0 0 0 0 1
0 0 0 0 0 0 0
1 45 0 0 0 0 0
2 45 0 0 0 0 0
2 45 0 0 0 0 1
0 0 0 0 0 0 0
0 0 0 0 0 0 0
0 0 0 0 0 0 0
1 50 1 0 0 0 1
2 50 0 0 0 0 0
2 50 0 0 0 0 0
0 0 0 0 0 0 0
0 0 1 0 0 0 1
0 0 0 0 0 0 0
0 0 0 0 0 0 0
0 0 0 0 0 0 0
0 0 0 0 0 0 0
0 0 0 0 0 0 0
0 0 0 0 0 0 0
0 0 0 0 0 0 0
1 28 0 0 0 0 1
2 28 0 0 0 0 0
1 50 0 0 0 0 0
2 50 0 0 0 0 0
2 50 0 0 0 0 1
0 0 0 0 0 0 0
1 50 0 0 0 0 0
2 50 0 0 0 0 0
2 50 0 0 0 0 1
0 0 0 0 0 0 0
1 45 0 0 0 0 0
2 45 0 0 0 0 0
2 45 0 0 0 0 1
0 0 0 0 0 0 0
0 0 0 0 0 0 0
0 0 0 0 0 0 0
1 50 0 0 0 0 1
2 50 0 0 0 0 0
2 50 0 0 0 0 0
0 0 0 0 0 0 0
0 0 1 0 0 0 1
0 0 0 0 0 0 0
0 0 0 0 0 0 0
0 0 0 0 0 0 0
0 0 1 0 0 0 1
0 0 0 0 0 0 0
0 0 0 0 0 0 0
0 0 0 0 0 0 0
0 0 0 0 0 0 0
0 0 0 0 0 0 0
0 0 0 0 0 0 0
0 0 0 0 0 0 0
0 0 0 0 0 0 1
0 0 0 0 0 0 0
1 33 0 0 0 0 0
2 33 0 0 0 0 0
2 33 0 0 0 0 1
2 33 0 0 0 0 0
2 33 0 0 0 0 0
0 0 0 0 0 0 0
1 34 0 0 0 0 1
2 34 0 0 0 0 0
2 34 0 0 0 0 0
2 34 0 0 0 0 0
2 34 0 0 0 0 1
0 0 0 0 0 0 0
1 35 0 0 0 0 0
2 35 0 0 0 0 0
2 35 0 0 0 0 1
2 35 0 0 0 0 0
2 35 0 0 0 0 0
0 0 0 0 0 0 0
1 38 1 0 0 0 1
2 38 0 0 0 0 0
2 38 0 0 0 0 0
0 0 0 0 0 0 0
0 0 1 0 0 0 1
0 0 0 0 0 0 0
0 0 0 0 0 0 0
0 0 0 0 0 0 0
0 0 0 0 0 0 0
0 0 0 0 0 0 0
0 0 0 0 0 0 0
0 0 0 0 0 0 0
0 0 0 0 0 0 1
0 0 0 0 0 0 0
0 0 0 0 0 0 0
0 0 0 0 0 0 0
0 0 0 0 1 0 1
0 0 0 0 0 0 0
0 0 0 0 0 0 0
0 0 0 0 0 0 0
0 0 0 0 1 0 1
0 0 0 0 0 0 0
0 0 0 0 0 0 0
0 0 0 0 0 0 0
0 0 0 0 1 0 1
0 0 0 0 0 0 0
0 0 0 0 1 0 1
0 0 0 0 0 0 0
0 0 1 0 0 0 1
0 0 0 0 0 0 0
0 0 0 0 0 0 0
0 0 0 0 0 0 0
0 0 0 0 1 0 1
0 0 0 0 0 0 0
0 0 0 0 0 0 0
0 0 0 0 0 0 0
0 0 1 0 0 1 0
0 0 0 0 0 0 0
0 0 0 0 0 0 0
0 0 0 0 0 0 0
0 0 0 0 0 0 0
0 0 0 0 0 0 0
0 0 0 0 0 0 0
0 0 0 0 0 0 0
1 38 0 0 1 0 1
2 38 0 0 0 0 0
2 38 0 0 0 0 0
2 38 0 0 0 0 0
2 38 0 0 0 0 0
2 38 0 0 0 0 0
2 38 0 0 0 0 0
0 0 0 0 0 0 0
1 35 1 0 0 0 1
2 35 0 0 0 0 0
2 35 0 0 0 0 0
2 35 0 0 0 0 0
2 35 1 0 0 0 1
0 0 0 0 0 0 0
1 35 1 0 0 0 1
2 35 0 0 0 0 0
2 35 0 0 1 0 1
0 0 0 0 0 0 0
0 0 0 0 0 0 0
0 0 0 0 0 0 0
1 38 1 0 0 0 1
2 38 0 0 0 0 0
2 38 1 0 0 0 1
0 0 0 0 0 0 0
0 0 1 0 0 0 1
0 0 0 0 0 0 0
0 0 0 0 0 0 0
0 0 0 0 0 0 0
0 0 1 0 0 0 1
0 0 0 0 0 0 0
0 0 0 0 0 0 0
0 0 0 0 0 0 0
0 0 0 0 1 0 1
0 0 0 0 0 0 0
0 0 0 0 0 0 0
0 0 0 0 0 0 0
0 0 1 0 0 0 1
0 0 0 0 0 0 0
0 0 0 0 0 0 0
0 0 0 0 0 0 0
0 0 1 0 0 0 1
0 0 0 0 0 0 0
0 0 0 0 0 0 0
0 0 0 0 0 0 0
1 37 1 0 0 0 1
2 37 0 0 0 0 0
2 37 1 0 0 0 1
0 0 0 0 0 0 0
0 0 0 0 1 0 1
0 0 0 0 0 0 0
0 0 0 0 0 0 0
0 0 0 0 0 0 0
0 0 1 0 0 0 1
0 0 0 0 0 0 0
0 0 0 0 0 0 0
0 0 0 0 0 0 0
1 40 1 0 0 1 0
2 40 0 0 0 0 0
2 40 0 0 0 0 0
2 40 0 0 0 0 0
2 40 0 0 0 0 0
2 40 0 0 0 0 0
2 40 0 0 0 0 0
0 0 0 0 0 0 0
1 38 0 0 1 0 1
2 38 0 0 0 0 0
2 38 0 0 0 0 0
2 38 0 0 0 0 0
2 38 0 0 0 0 0
2 38 0 0 0 0 0
2 38 0 0 0 0 0
0 0 0 0 0 0 0
1 35 1 0 0 0 1
2 35 0 0 0 0 0
2 35 0 0 0 0 0
2 35 0 0 0 0 0
2 35 1 0 0 0 1
0 0 0 0 0 0 0
1 35 1 0 0 0 1
2 35 0 0 0 0 0
2 35 0 0 1 0 1
0 0 0 0 0 0 0
0 0 0 0 0 0 0
0 0 0 0 0 0 0
1 38 1 0 0 0 1
2 38 0 0 0 0 0
2 38 1 0 0 0 1
0 0 0 0 0 0 0
0 0 1 0 0 0 1
0 0 0 0 0 0 0
0 0 0 0 0 0 0
0 0 0 0 0 0 0
0 0 1 0 0 0 1
0 0 0 0 0 0 0
0 0 0 0 0 0 0
0 0 0 0 0 0 0
0 0 0 0 1 0 1
0 0 0 0 0 0 0
0 0 0 0 0 0 0
0 0 0 0 0 0 0
0 0 1 0 0 0 1
0 0 0 0 0 0 0
0 0 0 0 0 0 0
0 0 0 0 0 0 0
0 0 0 0 1 0 1
0 0 0 0 0 0 0
0 0 0 0 0 0 0
0 0 0 0 0 0 0
0 0 0 0 0 0 0
0 0 0 0 0 0 0
0 0 0 0 0 0 0
0 0 0 0 0 0 0
1 31 1 0 0 0 1
2 31 0 0 0 0 0
2 31 0 0 0 0 0
2 31 0 0 0 0 0
2 31 0 0 0 0 0
2 31 0 0 0 0 0
2 31 0 0 0 0 0
2 31 0 0 0 0 0
2 31 0 0 0 0 0
