0 0 1 0 0 0 1
0 0 0 0 0 0 0
0 0 0 0 0 0 0
0 0 0 0 0 0 0
0 0 0 0 1 0 1
0 0 0 0 0 0 0
0 0 1 0 0 0 0
0 0 0 0 0 0 0
0 0 0 0 1 0 1
0 0 0 0 0 0 0
0 0 1 0 0 0 0
0 0 0 0 0 0 0
0 0 0 0 0 0 1
0 0 0 0 0 0 0
0 0 1 0 0 0 0
0 0 0 0 0 0 0
0 0 1 0 0 0 1
0 0 0 0 0 0 0
0 0 0 0 0 0 0
0 0 0 0 0 0 0
0 0 0 0 1 0 1
0 0 0 0 0 0 0
0 0 1 0 0 0 0
0 0 0 0 0 0 0
0 0 0 0 1 0 1
0 0 0 0 0 0 0
0 0 0 0 0 0 0
0 0 0 0 0 0 0
0 0 0 0 0 0 0
0 0 0 0 0 0 0
0 0 0 0 0 0 0
0 0 0 0 0 0 0
0 0 1 0 0 0 1
0 0 0 0 0 0 0
0 0 0 0 0 0 0
0 0 0 0 0 0 0
0 0 0 0 1 0 1
0 0 0 0 0 0 0
0 0 1 0 0 0 0
0 0 0 0 0 0 0
0 0 0 0 1 0 1
0 0 0 0 0 0 0
0 0 1 0 0 0 0
0 0 0 0 0 0 0
0 0 0 0 0 0 1
0 0 0 0 0 0 0
0 0 1 0 0 0 0
0 0 0 0 0 0 0
0 0 1 0 0 0 1
0 0 0 0 0 0 0
0 0 0 0 0 0 0
0 0 0 0 0 0 0
0 0 0 0 1 0 1
0 0 0 0 0 0 0
0 0 1 0 0 0 0
0 0 0 0 0 0 0
0 0 0 0 1 0 1
0 0 0 0 0 0 0
0 0 0 0 0 0 0
0 0 0 0 0 0 0
0 0 0 0 0 0 0
0 0 0 0 0 0 0
0 0 0 0 0 0 0
0 0 0 0 0 0 0
0 0 1 0 0 0 1
0 0 0 0 0 0 0
0 0 0 0 0 0 0
0 0 0 0 0 0 0
0 0 0 0 1 0 1
0 0 0 0 0 0 0
0 0 1 0 0 0 0
0 0 0 0 0 0 0
0 0 0 0 1 0 1
0 0 0 0 0 0 0
0 0 1 0 0 0 0
0 0 0 0 0 0 0
0 0 0 0 0 0 1
0 0 0 0 0 0 0
0 0 1 0 0 0 0
0 0 0 0 0 0 0
0 0 1 0 0 0 1
0 0 0 0 0 0 0
0 0 0 0 0 0 0
0 0 0 0 0 0 0
0 0 0 0 1 0 1
0 0 0 0 0 0 0
0 0 1 0 0 0 0
0 0 0 0 0 0 0
0 0 0 0 1 0 1
0 0 0 0 0 0 0
0 0 0 0 0 0 0
0 0 0 0 0 0 0
0 0 0 0 0 0 0
0 0 0 0 0 0 0
0 0 0 0 0 0 0
0 0 0 0 0 0 0
0 0 1 0 0 0 1
0 0 0 0 0 0 0
0 0 0 0 0 0 0
0 0 0 0 0 0 0
0 0 0 0 1 0 1
0 0 0 0 0 0 0
0 0 1 0 0 0 0
0 0 0 0 0 0 0
0 0 0 0 1 0 1
0 0 0 0 0 0 0
0 0 1 0 0 0 0
0 0 0 0 0 0 0
0 0 0 0 0 0 1
0 0 0 0 0 0 0
0 0 1 0 0 0 0
0 0 0 0 0 0 0
0 0 1 0 0 0 1
0 0 0 0 0 0 0
0 0 0 0 0 0 0
0 0 0 0 0 0 0
0 0 0 0 1 0 1
0 0 0 0 0 0 0
0 0 1 0 0 0 0
0 0 0 0 0 0 0
0 0 0 0 1 0 1
0 0 0 0 0 0 0
0 0 0 0 0 0 0
0 0 0 0 0 0 0
0 0 0 0 0 0 0
0 0 0 0 0 0 0
0 0 0 0 0 0 0
0 0 0 0 0 0 0
1 38 1 0 0 0 1
2 38 0 0 0 0 0
2 38 0 0 0 0 0
0 0 0 0 0 0 0
0 0 0 0 1 0 1
0 0 0 0 0 0 0
1 43 1 0 0 0 0
2 43 0 0 0 0 0
2 43 0 0 1 0 1
0 0 0 0 0 0 0
1 43 1 0 0 0 0
2 43 0 0 0 0 0
2 43 0 0 0 0 1
0 0 0 0 0 0 0
0 0 1 0 0 0 0
0 0 0 0 0 0 0
0 0 1 0 0 0 1
0 0 0 0 0 0 0
0 0 0 0 0 0 0
0 0 0 0 0 0 0
0 0 0 0 1 0 1
0 0 0 0 0 0 0
0 0 1 0 0 0 0
0 0 0 0 0 0 0
0 0 0 0 1 0 1
0 0 0 0 0 0 0
0 0 0 0 0 0 0
0 0 0 0 0 0 0
0 0 0 0 0 0 0
0 0 0 0 0 0 0
0 0 0 0 0 0 0
0 0 0 0 0 0 0
1 38 1 0 0 0 1
2 38 0 0 0 0 0
2 38 0 0 0 0 0
0 0 0 0 0 0 0
0 0 0 0 1 0 1
0 0 0 0 0 0 0
1 43 1 0 0 0 0
2 43 0 0 0 0 0
2 43 0 0 1 0 1
0 0 0 0 0 0 0
1 43 1 0 0 0 0
2 43 0 0 0 0 0
2 43 0 0 0 0 1
0 0 0 0 0 0 0
0 0 1 0 0 0 0
0 0 0 0 0 0 0
0 0 1 0 0 0 1
0 0 0 0 0 0 0
0 0 0 0 0 0 0
0 0 0 0 0 0 0
0 0 0 0 1 0 1
0 0 0 0 0 0 0
0 0 1 0 0 0 0
0 0 0 0 0 0 0
0 0 0 0 1 0 1
0 0 0 0 0 0 0
0 0 0 0 0 0 0
0 0 0 0 0 0 0
0 0 0 0 0 0 0
0 0 0 0 0 0 0
0 0 0 0 0 0 0
0 0 0 0 0 0 0
1 38 1 0 0 0 1
2 38 0 0 0 0 0
2 38 0 0 0 0 0
0 0 0 0 0 0 0
0 0 0 0 1 0 1
0 0 0 0 0 0 0
1 43 1 0 0 0 0
2 43 0 0 0 0 0
2 43 0 0 1 0 1
0 0 0 0 0 0 0
1 43 1 0 0 0 0
2 43 0 0 0 0 0
2 43 0 0 0 0 1
0 0 0 0 0 0 0
0 0 1 0 0 0 0
0 0 0 0 0 0 0
0 0 1 0 0 0 1
0 0 0 0 0 0 0
0 0 0 0 0 0 0
0 0 0 0 0 0 0
0 0 0 0 1 0 1
0 0 0 0 0 0 0
0 0 1 0 0 0 0
0 0 0 0 0 0 0
0 0 0 0 1 0 1
0 0 0 0 0 0 0
0 0 0 0 0 0 0
0 0 0 0 0 0 0
0 0 0 0 0 0 0
0 0 0 0 0 0 0
0 0 0 0 0 0 0
0 0 0 0 0 0 0
1 38 1 0 0 0 1
2 38 0 0 0 0 0
2 38 0 0 0 0 0
0 0 0 0 0 0 0
0 0 0 0 1 0 1
0 0 0 0 0 0 0
1 43 1 0 0 0 0
2 43 0 0 0 0 0
2 43 0 0 1 0 1
0 0 0 0 0 0 0
1 43 1 0 0 0 0
2 43 0 0 0 0 0
2 43 0 0 0 0 1
0 0 0 0 0 0 0
0 0 1 0 0 0 0
0 0 0 0 0 0 0
0 0 1 0 0 0 1
0 0 0 0 0 0 0
0 0 0 0 0 0 0
0 0 0 0 0 0 0
0 0 0 0 1 0 1
0 0 0 0 0 0 0
0 0 1 0 0 0 0
0 0 0 0 0 0 0
0 0 0 0 1 0 1
0 0 0 0 0 0 0
0 0 0 0 0 0 0
0 0 0 0 0 0 0
0 0 0 0 0 0 0
0 0 0 0 0 0 0
0 0 0 0 0 0 0
0 0 0 0 0 0 0
1 38 1 0 0 0 1
2 38 0 0 0 0 0
2 38 0 0 0 0 0
0 0 0 0 0 0 0
0 0 0 0 1 0 1
0 0 0 0 0 0 0
1 43 1 0 0 0 0
2 43 0 0 0 0 0
2 43 0 0 1 0 1
0 0 0 0 0 0 0
1 43 1 0 0 0 0
2 43 0 0 0 0 0
2 43 0 0 0 0 1
0 0 0 0 0 0 0
0 0 1 0 0 0 0
0 0 0 0 0 0 0
0 0 1 0 0 0 1
0 0 0 0 0 0 0
0 0 0 0 0 0 0
0 0 0 0 0 0 0
0 0 0 0 1 0 1
0 0 0 0 0 0 0
0 0 1 0 0 0 0
0 0 0 0 0 0 0
0 0 0 0 1 0 1
0 0 0 0 0 0 0
0 0 0 0 0 0 0
0 0 0 0 0 0 0
0 0 0 0 0 0 0
0 0 0 0 0 0 0
0 0 0 0 0 0 0
0 0 0 0 0 0 0
1 38 1 0 0 0 1
2 38 0 0 0 0 0
2 38 0 0 0 0 0
0 0 0 0 0 0 0
0 0 0 0 1 0 1
0 0 0 0 0 0 0
1 43 1 0 0 0 0
2 43 0 0 0 0 0
2 43 0 0 1 0 1
0 0 0 0 0 0 0
1 43 1 0 0 0 0
2 43 0 0 0 0 0
2 43 0 0 0 0 1
0 0 0 0 0 0 0
0 0 1 0 0 0 0
0 0 0 0 0 0 0
0 0 1 0 0 0 1
0 0 0 0 0 0 0
0 0 0 0 0 0 0
0 0 0 0 0 0 0
0 0 0 0 1 0 1
0 0 0 0 0 0 0
0 0 1 0 0 0 0
0 0 0 0 0 0 0
0 0 0 0 1 0 1
0 0 0 0 0 0 0
0 0 0 0 0 0 0
0 0 0 0 0 0 0
0 0 0 0 0 0 0
0 0 0 0 0 0 0
0 0 0 0 0 0 0
0 0 0 0 0 0 0
1 38 1 0 0 0 1
2 38 0 0 0 0 0
2 38 0 0 0 0 0
0 0 0 0 0 0 0
0 0 0 0 1 0 1
0 0 0 0 0 0 0
1 43 1 0 0 0 0
2 43 0 0 0 0 0
2 43 0 0 1 0 1
0 0 0 0 0 0 0
1 43 1 0 0 0 0
2 43 0 0 0 0 0
2 43 0 0 0 0 1
0 0 0 0 0 0 0
0 0 1 0 0 0 0
0 0 0 0 0 0 0
0 0 1 0 0 0 1
0 0 0 0 0 0 0
0 0 0 0 0 0 0
0 0 0 0 0 0 0
0 0 0 0 1 0 1
0 0 0 0 0 0 0
0 0 1 0 0 0 0
0 0 0 0 0 0 0
0 0 0 0 1 0 1
0 0 0 0 0 0 0
0 0 0 0 0 0 0
0 0 0 0 0 0 0
0 0 0 0 0 0 0
0 0 0 0 0 0 0
0 0 0 0 0 0 0
0 0 0 0 0 0 0
1 38 1 0 0 0 1
2 38 0 0 0 0 0
2 38 0 0 0 0 0
0 0 0 0 0 0 0
0 0 0 0 1 0 1
0 0 0 0 0 0 0
1 43 1 0 0 0 0
2 43 0 0 0 0 0
2 43 0 0 1 0 1
0 0 0 0 0 0 0
1 43 1 0 0 0 0
2 43 0 0 0 0 0
2 43 0 0 0 0 1
0 0 0 0 0 0 0
0 0 1 0 0 0 0
0 0 0 0 0 0 0
0 0 1 0 0 0 1
0 0 0 0 0 0 0
0 0 0 0 0 0 0
0 0 0 0 0 0 0
0 0 0 0 1 0 1
0 0 0 0 0 0 0
0 0 1 0 0 0 0
0 0 0 0 0 0 0
0 0 0 0 1 0 1
0 0 0 0 0 0 0
0 0 0 0 0 0 0
0 0 0 0 0 0 0
0 0 0 0 0 0 0
0 0 0 0 0 0 0
0 0 0 0 0 0 0
0 0 0 0 0 0 0
1 50 1 0 0 0 1
2 50 0 0 0 0 0
2 50 0 0 0 0 0
2 50 0 0 0 0 0
2 50 0 0 0 0 1
0 0 0 0 0 0 0
0 0 0 0 0 0 0
0 0 0 0 0 0 0
1 49 0 0 1 0 1
2 49 0 0 0 0 0
2 49 0 0 0 0 0
2 49 0 0 0 0 0
2 49 0 0 0 0 1
0 0 0 0 0 0 0
0 0 0 0 0 0 0
0 0 0 0 0 0 0
1 47 1 0 0 0 1
2 47 0 0 0 0 0
2 47 0 0 0 0 0
2 47 0 0 0 0 0
2 47 0 0 0 0 1
0 0 0 0 0 0 0
0 0 0 0 0 0 0
0 0 0 0 0 0 0
1 45 0 0 1 0 1
2 45 0 0 0 0 0
2 45 0 0 0 0 0
2 45 0 0 0 0 0
2 45 0 0 0 0 1
0 0 0 0 0 0 0
0 0 0 0 1 0 0
0 0 0 0 0 0 0
1 43 1 0 0 0 1
2 43 0 0 0 0 0
2 43 0 0 0 0 0
2 43 0 0 0 0 0
2 43 0 0 0 0 1
0 0 0 0 0 0 0
0 0 0 0 0 0 0
0 0 0 0 0 0 0
0 0 0 0 1 0 1
0 0 0 0 0 0 0
0 0 0 0 0 0 0
0 0 0 0 0 0 0
0 0 0 0 1 0 1
0 0 0 0 0 0 0
0 0 0 0 0 0 0
0 0 0 0 0 0 0
0 0 1 0 0 0 1
0 0 0 0 0 0 0
0 0 0 0 0 0 0
0 0 0 0 0 0 0
0 0 0 0 0 0 1
0 0 0 0 0 0 0
0 0 0 0 0 0 0
0 0 0 0 0 0 0
0 0 0 0 1 1 0
0 0 0 0 0 0 0
0 0 0 0 0 0 0
0 0 0 0 0 0 0
0 0 0 0 0 0 0
0 0 0 0 0 0 0
0 0 0 0 0 0 0
0 0 0 0 0 0 0
1 38 1 0 0 0 1
2 38 0 0 0 0 0
2 38 0 0 0 0 0
0 0 0 0 0 0 0
0 0 0 0 1 0 1
0 0 0 0 0 0 0
1 43 1 0 0 0 0
2 43 0 0 0 0 0
2 43 0 0 1 0 1
0 0 0 0 0 0 0
1 43 1 0 0 0 0
2 43 0 0 0 0 0
2 43 0 0 0 0 1
0 0 0 0 0 0 0
0 0 1 0 0 0 0
0 0 0 0 0 0 0
0 0 1 0 0 0 1
0 0 0 0 0 0 0
0 0 0 0 0 0 0
0 0 0 0 0 0 0
0 0 0 0 1 0 1
0 0 0 0 0 0 0
0 0 1 0 0 0 0
0 0 0 0 0 0 0
0 0 0 0 1 0 1
0 0 0 0 0 0 0
0 0 0 0 0 0 0
0 0 0 0 0 0 0
0 0 0 0 0 0 0
0 0 0 0 0 0 0
0 0 0 0 0 0 0
0 0 0 0 0 0 0
1 38 1 0 0 0 1
2 38 0 0 0 0 0
2 38 0 0 0 0 0
0 0 0 0 0 0 0
0 0 0 0 1 0 1
0 0 0 0 0 0 0
1 43 1 0 0 0 0
2 43 0 0 0 0 0
2 43 0 0 1 0 1
0 0 0 0 0 0 0
1 43 1 0 0 0 0
2 43 0 0 0 0 0
2 43 0 0 0 0 1
0 0 0 0 0 0 0
0 0 1 0 0 0 0
0 0 0 0 0 0 0
0 0 1 0 0 0 1
0 0 0 0 0 0 0
0 0 0 0 0 0 0
0 0 0 0 0 0 0
0 0 0 0 1 0 1
0 0 0 0 0 0 0
0 0 1 0 0 0 0
0 0 0 0 0 0 0
0 0 0 0 1 0 1
0 0 0 0 0 0 0
0 0 0 0 0 0 0
0 0 0 0 0 0 0
0 0 0 0 0 0 0
0 0 0 0 0 0 0
0 0 0 0 0 0 0
0 0 0 0 0 0 0
1 38 1 0 0 0 1
2 38 0 0 0 0 0
2 38 0 0 0 0 0
0 0 0 0 0 0 0
0 0 0 0 1 0 1
0 0 0 0 0 0 0
1 43 1 0 0 0 0
2 43 0 0 0 0 0
2 43 0 0 1 0 1
0 0 0 0 0 0 0
1 43 1 0 0 0 0
2 43 0 0 0 0 0
2 43 0 0 0 0 1
0 0 0 0 0 0 0
0 0 1 0 0 0 0
0 0 0 0 0 0 0
0 0 1 0 0 0 1
0 0 0 0 0 0 0
0 0 0 0 0 0 0
0 0 0 0 0 0 0
0 0 0 0 1 0 1
0 0 0 0 0 0 0
0 0 1 0 0 0 0
0 0 0 0 0 0 0
0 0 0 0 1 0 1
0 0 0 0 0 0 0
0 0 0 0 0 0 0
0 0 0 0 0 0 0
0 0 0 0 0 0 0
0 0 0 0 0 0 0
0 0 0 0 0 0 0
0 0 0 0 0 0 0
1 38 1 0 0 0 1
2 38 0 0 0 0 0
2 38 0 0 0 0 0
0 0 0 0 0 0 0
0 0 0 0 1 0 1
0 0 0 0 0 0 0
1 43 1 0 0 0 0
2 43 0 0 0 0 0
2 43 0 0 1 0 1
0 0 0 0 0 0 0
1 43 1 0 0 0 0
2 43 0 0 0 0 0
2 43 0 0 0 0 1
0 0 0 0 0 0 0
0 0 1 0 0 0 0
0 0 0 0 0 0 0
0 0 1 0 0 0 1
0 0 0 0 0 0 0
0 0 0 0 0 0 0
0 0 0 0 0 0 0
0 0 0 0 1 0 1
0 0 0 0 0 0 0
0 0 1 0 0 0 0
0 0 0 0 0 0 0
0 0 0 0 1 0 1
0 0 0 0 0 0 0
0 0 0 0 0 0 0
0 0 0 0 0 0 0
0 0 0 0 0 0 0
0 0 0 0 0 0 0
0 0 0 0 0 0 0
0 0 0 0 0 0 0
1 38 1 0 0 0 1
2 38 0 0 0 0 0
2 38 0 0 0 0 0
0 0 0 0 0 0 0
0 0 0 0 1 0 1
0 0 0 0 0 0 0
1 43 1 0 0 0 0
2 43 0 0 0 0 0
2 43 0 0 1 0 1
0 0 0 0 0 0 0
1 43 1 0 0 0 0
2 43 0 0 0 0 0
2 43 0 0 0 0 1
0 0 0 0 0 0 0
0 0 1 0 0 0 0
0 0 0 0 0 0 0
0 0 1 0 0 0 1
0 0 0 0 0 0 0
0 0 0 0 0 0 0
0 0 0 0 0 0 0
0 0 0 0 1 0 1
0 0 0 0 0 0 0
0 0 1 0 0 0 0
0 0 0 0 0 0 0
0 0 0 0 1 0 1
0 0 0 0 0 0 0
0 0 0 0 0 0 0
0 0 0 0 0 0 0
0 0 0 0 0 0 0
0 0 0 0 0 0 0
0 0 0 0 0 0 0
0 0 0 0 0 0 0
1 38 1 0 0 0 1
2 38 0 0 0 0 0
2 38 0 0 0 0 0
0 0 0 0 0 0 0
0 0 0 0 1 0 1
0 0 0 0 0 0 0
1 43 1 0 0 0 0
2 43 0 0 0 0 0
2 43 0 0 1 0 1
0 0 0 0 0 0 0
1 43 1 0 0 0 0
2 43 0 0 0 0 0
2 43 0 0 0 0 1
0 0 0 0 0 0 0
0 0 1 0 0 0 0
0 0 0 0 0 0 0
0 0 1 0 0 0 1
0 0 0 0 0 0 0
0 0 0 0 0 0 0
0 0 0 0 0 0 0
0 0 0 0 1 0 1
0 0 0 0 0 0 0
0 0 1 0 0 0 0
0 0 0 0 0 0 0
0 0 0 0 1 0 1
0 0 0 0 0 0 0
0 0 0 0 0 0 0
0 0 0 0 0 0 0
0 0 0 0 0 0 0
0 0 0 0 0 0 0
0 0 0 0 0 0 0
0 0 0 0 0 0 0
1 38 1 0 0 0 1
2 38 0 0 0 0 0
2 38 0 0 0 0 0
0 0 0 0 0 0 0
0 0 0 0 1 0 1
0 0 0 0 0 0 0
1 43 1 0 0 0 0
2 43 0 0 0 0 0
2 43 0 0 1 0 1
0 0 0 0 0 0 0
1 43 1 0 0 0 0
2 43 0 0 0 0 0
2 43 0 0 0 0 1
0 0 0 0 0 0 0
0 0 1 0 0 0 0
0 0 0 0 0 0 0
0 0 1 0 0 0 1
0 0 0 0 0 0 0
0 0 0 0 0 0 0
0 0 0 0 0 0 0
0 0 0 0 1 0 1
0 0 0 0 0 0 0
0 0 1 0 0 0 0
0 0 0 0 0 0 0
0 0 0 0 1 0 1
0 0 0 0 0 0 0
0 0 0 0 0 0 0
0 0 0 0 0 0 0
0 0 0 0 0 0 0
0 0 0 0 0 0 0
0 0 0 0 0 0 0
0 0 0 0 0 0 0
1 38 1 0 0 0 1
2 38 0 0 0 0 0
2 38 0 0 0 0 0
0 0 0 0 0 0 0
0 0 0 0 1 0 1
0 0 0 0 0 0 0
1 43 1 0 0 0 0
2 43 0 0 0 0 0
2 43 0 0 1 0 1
0 0 0 0 0 0 0
1 43 1 0 0 0 0
2 43 0 0 0 0 0
2 43 0 0 0 0 1
0 0 0 0 0 0 0
0 0 1 0 0 0 0
0 0 0 0 0 0 0
0 0 1 0 0 0 1
0 0 0 0 0 0 0
0 0 0 0 0 0 0
0 0 0 0 0 0 0
0 0 0 0 1 0 1
0 0 0 0 0 0 0
0 0 1 0 0 0 0
0 0 0 0 0 0 0
0 0 0 0 1 0 1
0 0 0 0 0 0 0
0 0 0 0 1 0 0
0 0 0 0 0 0 0
0 0 0 0 1 0 0
0 0 0 0 0 0 0
0 0 0 0 1 0 0
0 0 0 0 0 0 0
1 50 1 0 0 0 1
2 50 0 0 0 0 0
2 50 0 0 0 0 0
2 50 0 0 0 0 0
2 50 0 0 0 0 1
0 0 0 0 0 0 0
0 0 0 0 0 0 0
0 0 0 0 0 0 0
1 49 0 0 1 0 1
2 49 0 0 0 0 0
2 49 0 0 0 0 0
2 49 0 0 0 0 0
2 49 0 0 0 0 1
0 0 0 0 0 0 0
0 0 0 0 0 0 0
0 0 0 0 0 0 0
1 47 1 0 0 0 1
2 47 0 0 0 0 0
2 47 0 0 0 0 0
2 47 0 0 0 0 0
2 47 0 0 0 0 1
0 0 0 0 0 0 0
0 0 0 0 0 0 0
0 0 0 0 0 0 0
1 45 0 0 1 0 1
2 45 0 0 0 0 0
2 45 0 0 0 0 0
2 45 0 0 0 0 0
2 45 0 0 0 0 1
0 0 0 0 0 0 0
0 0 0 0 1 0 0
0 0 0 0 0 0 0
1 43 1 0 0 0 1
2 43 0 0 0 0 0
2 43 0 0 0 0 0
2 43 0 0 0 0 0
2 43 0 0 0 0 1
0 0 0 0 0 0 0
0 0 0 0 0 0 0
0 0 0 0 0 0 0
0 0 0 0 1 0 1
0 0 0 0 0 0 0
0 0 0 0 0 0 0
0 0 0 0 0 0 0
0 0 0 0 1 0 1
0 0 0 0 0 0 0
0 0 0 0 0 0 0
0 0 0 0 0 0 0
0 0 1 0 0 0 1
0 0 0 0 0 0 0
0 0 0 0 0 0 0
0 0 0 0 0 0 0
0 0 0 0 0 0 1
0 0 0 0 0 0 0
0 0 0 0 0 0 0
0 0 0 0 0 0 0
0 0 0 0 1 1 0
0 0 0 0 0 0 0
0 0 0 0 0 0 0
0 0 0 0 0 0 0
0 0 0 0 0 0 0
0 0 0 0 0 0 0
0 0 0 0 0 0 0
0 0 0 0 0 0 0
1 40 1 0 0 0 1
2 40 0 0 0 0 0
2 40 0 0 0 0 0
2 40 0 0 0 0 0
2 40 0 0 0 0 1
0 0 0 0 0 0 0
1 38 1 0 0 0 0
2 38 0 0 0 0 0
2 38 0 0 1 0 1
2 38 0 0 0 0 0
2 38 0 0 0 0 0
2 38 0 0 0 0 0
2 38 1 0 0 0 1
0 0 0 0 0 0 0
0 0 0 0 0 0 0
0 0 0 0 0 0 0
0 0 1 0 0 0 1
0 0 0 0 0 0 0
0 0 0 0 0 0 0
0 0 0 0 0 0 0
0 0 1 0 0 0 1
0 0 0 0 0 0 0
0 0 0 0 0 0 0
0 0 0 0 0 0 0
1 31 0 0 1 0 1
2 31 0 0 0 0 0
2 31 0 0 0 0 0
0 0 0 0 0 0 0
0 0 0 0 0 0 1
0 0 0 0 0 0 0
0 0 0 0 0 0 0
0 0 0 0 0 0 0
1 40 1 0 0 0 1
2 40 0 0 0 0 0
2 40 0 0 0 0 0
2 40 0 0 0 0 0
2 40 0 0 0 0 1
0 0 0 0 0 0 0
1 38 1 0 0 0 0
2 38 0 0 0 0 0
2 38 0 0 1 0 1
2 38 0 0 0 0 0
2 38 0 0 0 0 0
2 38 0 0 0 0 0
2 38 1 0 0 0 1
0 0 0 0 0 0 0
0 0 0 0 0 0 0
0 0 0 0 0 0 0
0 0 1 0 0 0 1
0 0 0 0 0 0 0
0 0 0 0 0 0 0
0 0 0 0 0 0 0
0 0 1 0 0 0 1
0 0 0 0 0 0 0
0 0 0 0 0 0 0
0 0 0 0 0 0 0
1 31 0 0 1 0 1
2 31 0 0 0 0 0
2 31 0 0 0 0 0
2 31 0 0 0 0 0
2 31 0 0 0 0 1
2 31 0 0 0 0 0
2 31 0 0 0 0 0
2 31 0 0 0 0 0
2 31 1 0 0 0 1
0 0 0 0 0 0 0
0 0 0 0 0 0 0
0 0 0 0 0 0 0
0 0 0 0 0 0 1
0 0 0 0 0 0 0
1 38 1 0 0 0 0
2 38 0 0 0 0 0
2 38 0 0 1 0 1
2 38 0 0 0 0 0
2 38 0 0 0 0 0
2 38 0 0 0 0 0
2 38 1 0 0 0 1
0 0 0 0 0 0 0
0 0 0 0 0 0 0
0 0 0 0 0 0 0
0 0 1 0 0 0 1
0 0 0 0 0 0 0
0 0 0 0 0 0 0
0 0 0 0 0 0 0
0 0 1 0 0 0 1
0 0 0 0 0 0 0
0 0 0 0 0 0 0
0 0 0 0 0 0 0
0 0 0 0 1 0 1
0 0 0 0 0 0 0
0 0 0 0 0 0 0
0 0 0 0 0 0 0
0 0 0 0 0 0 1
0 0 0 0 0 0 0
0 0 0 0 0 0 0
0 0 0 0 0 0 0
1 40 1 0 0 0 1
2 40 0 0 0 0 0
2 40 0 0 0 0 0
2 40 0 0 0 0 0
2 40 0 0 0 0 1
0 0 0 0 0 0 0
1 38 1 0 0 0 0
2 38 0 0 0 0 0
2 38 0 0 1 0 1
2 38 0 0 0 0 0
2 38 0 0 0 0 0
0 0 0 0 0 0 0
0 0 1 0 0 0 1
0 0 0 0 0 0 0
0 0 0 0 0 0 0
0 0 0 0 0 0 0
0 0 1 0 0 0 1
0 0 0 0 0 0 0
0 0 0 0 0 0 0
0 0 0 0 0 0 0
0 0 1 0 0 0 1
0 0 0 0 0 0 0
0 0 0 0 0 0 0
0 0 0 0 0 0 0
0 0 0 0 1 0 1
0 0 0 0 0 0 0
0 0 0 0 0 0 0
0 0 0 0 0 0 0
0 0 0 0 0 0 1
0 0 0 0 0 0 0
0 0 0 0 0 0 0
0 0 0 0 0 0 0
0 0 1 0 0 0 1
0 0 0 0 0 0 0
0 0 0 0 0 0 0
0 0 0 0 0 0 0
0 0 0 0 0 0 1
0 0 0 0 0 0 0
1 38 1 0 0 0 0
2 38 0 0 0 0 0
2 38 0 0 1 0 1
2 38 0 0 0 0 0
2 38 0 0 0 0 0
2 38 0 0 0 0 0
2 38 1 0 0 0 1
0 0 0 0 0 0 0
0 0 0 0 0 0 0
0 0 0 0 0 0 0
0 0 1 0 0 0 1
0 0 0 0 0 0 0
0 0 0 0 0 0 0
0 0 0 0 0 0 0
0 0 1 0 0 0 1
0 0 0 0 0 0 0
0 0 0 0 0 0 0
0 0 0 0 0 0 0
0 0 0 0 1 0 1
0 0 0 0 0 0 0
0 0 0 0 0 0 0
0 0 0 0 0 0 0
0 0 0 0 0 0 1
0 0 0 0 0 0 0
0 0 0 0 0 0 0
0 0 0 0 0 0 0
1 40 1 0 0 0 1
2 40 0 0 0 0 0
2 40 0 0 0 0 0
2 40 0 0 0 0 0
2 40 0 0 0 0 1
0 0 0 0 0 0 0
1 38 1 0 0 0 0
2 38 0 0 0 0 0
2 38 0 0 1 0 1
2 38 0 0 0 0 0
2 38 0 0 0 0 0
0 0 0 0 0 0 0
1 38 1 0 0 0 1
2 38 0 0 0 0 0
2 38 0 0 0 0 0
2 38 0 0 0 0 0
2 38 1 0 0 0 1
0 0 0 0 0 0 0
0 0 0 0 0 0 0
0 0 0 0 0 0 0
0 0 1 0 0 0 1
0 0 0 0 0 0 0
0 0 0 0 0 0 0
0 0 0 0 0 0 0
0 0 0 0 1 0 1
0 0 0 0 0 0 0
0 0 0 0 0 0 0
0 0 0 0 0 0 0
0 0 0 0 0 0 1
0 0 0 0 0 0 0
0 0 0 0 0 0 0
0 0 0 0 0 0 0
0 0 1 0 0 0 1
0 0 0 0 0 0 0
0 0 0 0 0 0 0
0 0 0 0 0 0 0
0 0 0 0 0 0 1
0 0 0 0 0 0 0
1 38 1 0 0 0 0
2 38 0 0 0 0 0
2 38 0 0 1 0 1
2 38 0 0 0 0 0
2 38 0 0 0 0 0
2 38 0 0 0 0 0
2 38 1 0 0 0 1
0 0 0 0 0 0 0
0 0 0 0 0 0 0
0 0 0 0 0 0 0
0 0 1 0 0 0 1
0 0 0 0 0 0 0
0 0 0 0 0 0 0
0 0 0 0 0 0 0
0 0 1 0 0 0 1
0 0 0 0 0 0 0
0 0 0 0 0 0 0
0 0 0 0 0 0 0
1 31 0 0 1 0 1
2 31 0 0 0 0 0
2 31 0 0 0 0 0
0 0 0 0 0 0 0
0 0 0 0 0 0 1
0 0 0 0 0 0 0
0 0 0 0 0 0 0
0 0 0 0 0 0 0
1 40 1 0 0 0 1
2 40 0 0 0 0 0
2 40 0 0 0 0 0
2 40 0 0 0 0 0
2 40 0 0 0 0 1
0 0 0 0 0 0 0
1 38 1 0 0 0 0
2 38 0 0 0 0 0
2 38 0 0 1 0 1
2 38 0 0 0 0 0
2 38 0 0 0 0 0
2 38 0 0 0 0 0
2 38 1 0 0 0 1
0 0 0 0 0 0 0
0 0 0 0 0 0 0
0 0 0 0 0 0 0
0 0 1 0 0 0 1
0 0 0 0 0 0 0
0 0 0 0 0 0 0
0 0 0 0 0 0 0
0 0 1 0 0 0 1
0 0 0 0 0 0 0
0 0 0 0 0 0 0
0 0 0 0 0 0 0
1 31 0 0 1 0 1
2 31 0 0 0 0 0
2 31 0 0 0 0 0
2 31 0 0 0 0 0
2 31 0 0 0 0 1
2 31 0 0 0 0 0
2 31 0 0 0 0 0
2 31 0 0 0 0 0
2 31 1 0 0 0 1
0 0 0 0 0 0 0
0 0 0 0 0 0 0
0 0 0 0 0 0 0
0 0 0 0 1 0 1
0 0 0 0 0 0 0
1 43 1 0 0 0 0
2 43 0 0 0 0 0
2 43 0 0 1 0 1
0 0 0 0 0 0 0
1 43 1 0 0 0 0
2 43 0 0 0 0 0
2 43 0 0 0 0 1
0 0 0 0 0 0 0
0 0 1 0 0 0 0
0 0 0 0 0 0 0
0 0 1 0 0 0 1
0 0 0 0 0 0 0
1 43 0 0 0 0 0
2 43 0 0 0 0 0
2 43 0 0 1 0 1
0 0 0 0 0 0 0
0 0 1 0 0 0 0
0 0 0 0 0 0 0
0 0 0 0 1 0 1
0 0 0 0 0 0 0
0 0 0 0 0 0 0
0 0 0 0 0 0 0
0 0 0 0 0 0 0
0 0 0 0 0 0 0
0 0 0 0 0 0 0
0 0 0 0 0 0 0
1 38 1 0 0 0 1
2 38 0 0 0 0 0
2 38 0 0 0 0 0
0 0 0 0 0 0 0
0 0 0 0 1 0 1
0 0 0 0 0 0 0
1 43 1 0 0 0 0
2 43 0 0 0 0 0
2 43 0 0 1 0 1
0 0 0 0 0 0 0
1 43 1 0 0 0 0
2 43 0 0 0 0 0
2 43 0 0 0 0 1
0 0 0 0 0 0 0
0 0 1 0 0 0 0
0 0 0 0 0 0 0
0 0 1 0 0 0 1
0 0 0 0 0 0 0
0 0 0 0 0 0 0
0 0 0 0 0 0 0
0 0 0 0 1 0 1
0 0 0 0 0 0 0
0 0 1 0 0 0 0
0 0 0 0 0 0 0
0 0 0 0 1 0 1
0 0 0 0 0 0 0
0 0 0 0 0 0 0
0 0 0 0 0 0 0
0 0 0 0 0 0 0
0 0 0 0 0 0 0
0 0 0 0 0 0 0
0 0 0 0 0 0 0
1 38 1 0 0 0 1
2 38 0 0 0 0 0
2 38 0 0 0 0 0
0 0 0 0 0 0 0
0 0 0 0 1 0 1
0 0 0 0 0 0 0
1 43 1 0 0 0 0
2 43 0 0 0 0 0
2 43 0 0 1 0 1
0 0 0 0 0 0 0
1 43 1 0 0 0 0
2 43 0 0 0 0 0
2 43 0 0 0 0 1
0 0 0 0 0 0 0
0 0 1 0 0 0 0
0 0 0 0 0 0 0
0 0 1 0 0 0 1
0 0 0 0 0 0 0
0 0 0 0 0 0 0
0 0 0 0 0 0 0
0 0 0 0 1 0 1
0 0 0 0 0 0 0
0 0 1 0 0 0 0
0 0 0 0 0 0 0
0 0 0 0 1 0 1
0 0 0 0 0 0 0
0 0 0 0 0 0 0
0 0 0 0 0 0 0
0 0 0 0 0 0 0
0 0 0 0 0 0 0
0 0 0 0 0 0 0
0 0 0 0 0 0 0
1 38 1 0 0 0 1
2 38 0 0 0 0 0
2 38 0 0 0 0 0
0 0 0 0 0 0 0
0 0 0 0 1 0 1
0 0 0 0 0 0 0
1 43 1 0 0 0 0
2 43 0 0 0 0 0
2 43 0 0 1 0 1
0 0 0 0 0 0 0
1 43 1 0 0 0 0
2 43 0 0 0 0 0
2 43 0 0 0 0 1
0 0 0 0 0 0 0
0 0 1 0 0 0 0
0 0 0 0 0 0 0
0 0 1 0 0 0 1
0 0 0 0 0 0 0
0 0 0 0 0 0 0
0 0 0 0 0 0 0
0 0 0 0 1 0 1
0 0 0 0 0 0 0
0 0 1 0 0 0 0
0 0 0 0 0 0 0
0 0 0 0 1 0 1
0 0 0 0 0 0 0
0 0 0 0 0 0 0
0 0 0 0 0 0 0
0 0 0 0 0 0 0
0 0 0 0 0 0 0
0 0 0 0 0 0 0
0 0 0 0 0 0 0
1 38 1 0 0 0 1
2 38 0 0 0 0 0
2 38 0 0 0 0 0
0 0 0 0 0 0 0
0 0 0 0 1 0 1
0 0 0 0 0 0 0
1 43 1 0 0 0 0
2 43 0 0 0 0 0
2 43 0 0 1 0 1
0 0 0 0 0 0 0
1 43 1 0 0 0 0
2 43 0 0 0 0 0
2 43 0 0 0 0 1
0 0 0 0 0 0 0
0 0 1 0 0 0 0
0 0 0 0 0 0 0
0 0 1 0 0 0 1
0 0 0 0 0 0 0
0 0 0 0 0 0 0
0 0 0 0 0 0 0
0 0 0 0 1 0 1
0 0 0 0 0 0 0
0 0 1 0 0 0 0
0 0 0 0 0 0 0
0 0 0 0 1 0 1
0 0 0 0 0 0 0
0 0 0 0 0 0 0
0 0 0 0 0 0 0
0 0 0 0 0 0 0
0 0 0 0 0 0 0
0 0 0 0 0 0 0
0 0 0 0 0 0 0
1 38 1 0 0 0 1
2 38 0 0 0 0 0
2 38 0 0 0 0 0
0 0 0 0 0 0 0
0 0 0 0 1 0 1
0 0 0 0 0 0 0
1 43 1 0 0 0 0
2 43 0 0 0 0 0
2 43 0 0 1 0 1
0 0 0 0 0 0 0
1 43 1 0 0 0 0
2 43 0 0 0 0 0
2 43 0 0 0 0 1
0 0 0 0 0 0 0
0 0 1 0 0 0 0
0 0 0 0 0 0 0
0 0 1 0 0 0 1
0 0 0 0 0 0 0
0 0 0 0 0 0 0
0 0 0 0 0 0 0
0 0 0 0 1 0 1
0 0 0 0 0 0 0
0 0 1 0 0 0 0
0 0 0 0 0 0 0
0 0 0 0 1 0 1
0 0 0 0 0 0 0
0 0 0 0 0 0 0
0 0 0 0 0 0 0
0 0 0 0 0 0 0
0 0 0 0 0 0 0
0 0 0 0 0 0 0
0 0 0 0 0 0 0
1 38 1 0 0 0 1
2 38 0 0 0 0 0
2 38 0 0 0 0 0
0 0 0 0 0 0 0
0 0 0 0 1 0 1
0 0 0 0 0 0 0
1 43 1 0 0 0 0
2 43 0 0 0 0 0
2 43 0 0 1 0 1
0 0 0 0 0 0 0
1 43 1 0 0 0 0
2 43 0 0 0 0 0
2 43 0 0 0 0 1
0 0 0 0 0 0 0
0 0 1 0 0 0 0
0 0 0 0 0 0 0
0 0 1 0 0 0 1
0 0 0 0 0 0 0
0 0 0 0 0 0 0
0 0 0 0 0 0 0
0 0 0 0 1 0 1
0 0 0 0 0 0 0
0 0 1 0 0 0 0
0 0 0 0 0 0 0
0 0 0 0 1 0 1
0 0 0 0 0 0 0
0 0 0 0 0 0 0
0 0 0 0 0 0 0
0 0 0 0 0 0 0
0 0 0 0 0 0 0
0 0 0 0 0 0 0
0 0 0 0 0 0 0
1 38 1 0 0 0 1
2 38 0 0 0 0 0
2 38 0 0 0 0 0
0 0 0 0 0 0 0
0 0 0 0 1 0 1
0 0 0 0 0 0 0
1 43 1 0 0 0 0
2 43 0 0 0 0 0
2 43 0 0 1 0 1
0 0 0 0 0 0 0
1 43 1 0 0 0 0
2 43 0 0 0 0 0
2 43 0 0 0 0 1
0 0 0 0 0 0 0
0 0 1 0 0 0 0
0 0 0 0 0 0 0
0 0 1 0 0 0 1
0 0 0 0 0 0 0
0 0 0 0 0 0 0
0 0 0 0 0 0 0
0 0 0 0 1 0 1
0 0 0 0 0 0 0
0 0 1 0 0 0 0
0 0 0 0 0 0 0
0 0 0 0 1 0 1
0 0 0 0 0 0 0
0 0 0 0 0 0 0
0 0 0 0 0 0 0
0 0 0 0 0 0 0
0 0 0 0 0 0 0
0 0 0 0 0 0 0
0 0 0 0 0 0 0
1 50 1 0 0 0 1
2 50 0 0 0 0 0
2 50 0 0 0 0 0
2 50 0 0 0 0 0
2 50 0 0 0 0 1
0 0 0 0 0 0 0
0 0 0 0 0 0 0
0 0 0 0 0 0 0
1 49 0 0 1 0 1
2 49 0 0 0 0 0
2 49 0 0 0 0 0
2 49 0 0 0 0 0
2 49 0 0 0 0 1
0 0 0 0 0 0 0
0 0 0 0 0 0 0
0 0 0 0 0 0 0
1 47 1 0 0 0 1
2 47 0 0 0 0 0
2 47 0 0 0 0 0
2 47 0 0 0 0 0
2 47 0 0 0 0 1
0 0 0 0 0 0 0
0 0 0 0 0 0 0
0 0 0 0 0 0 0
1 45 0 0 1 0 1
2 45 0 0 0 0 0
2 45 0 0 0 0 0
2 45 0 0 0 0 0
2 45 0 0 0 0 1
0 0 0 0 0 0 0
0 0 0 0 1 0 0
0 0 0 0 0 0 0
1 43 1 0 0 0 1
2 43 0 0 0 0 0
2 43 0 0 0 0 0
2 43 0 0 0 0 0
2 43 0 0 0 0 1
0 0 0 0 0 0 0
0 0 0 0 0 0 0
0 0 0 0 0 0 0
0 0 0 0 1 0 1
0 0 0 0 0 0 0
0 0 0 0 0 0 0
0 0 0 0 0 0 0
0 0 0 0 1 0 1
0 0 0 0 0 0 0
0 0 0 0 0 0 0
0 0 0 0 0 0 0
0 0 1 0 0 0 1
0 0 0 0 0 0 0
0 0 0 0 0 0 0
0 0 0 0 0 0 0
0 0 0 0 0 0 1
0 0 0 0 0 0 0
0 0 0 0 0 0 0
0 0 0 0 0 0 0
0 0 0 0 1 1 0
0 0 0 0 0 0 0
0 0 0 0 0 0 0
0 0 0 0 0 0 0
0 0 0 0 0 0 0
0 0 0 0 0 0 0
0 0 0 0 0 0 0
0 0 0 0 0 0 0
0 0 0 0 0 0 0
