1 37 1 0 0 0 1
2 37 0 0 0 0 0
2 37 0 0 0 0 0
2 37 0 0 0 0 0
2 37 0 0 0 0 0
2 37 0 0 0 0 0
2 37 0 0 1 0 1
0 0 0 0 0 0 0
0 0 0 0 0 0 0
0 0 0 0 0 0 0
0 0 0 0 1 0 0
0 0 0 0 0 0 0
1 37 1 0 0 0 1
2 37 0 0 0 0 0
2 37 0 0 0 0 0
2 37 0 0 0 0 0
2 37 0 0 1 0 0
0 0 0 0 0 0 0
1 41 0 0 1 0 1
2 41 0 0 0 0 0
2 41 0 0 0 0 0
2 41 0 0 0 0 0
2 41 0 0 1 0 0
0 0 0 0 0 0 0
1 46 1 0 0 0 1
2 46 0 0 0 0 0
2 46 0 0 0 0 0
2 46 0 0 0 0 0
2 46 0 0 0 0 0
2 46 0 0 0 0 0
2 46 0 0 1 0 1
0 0 0 0 0 0 0
0 0 0 0 0 0 0
0 0 0 0 0 0 0
0 0 0 0 1 0 0
0 0 0 0 0 0 0
1 41 1 0 0 0 1
2 41 0 0 0 0 0
2 41 0 0 0 0 0
2 41 0 0 0 0 0
2 41 0 0 1 0 0
0 0 0 0 0 0 0
1 44 0 0 1 0 1
2 44 0 0 0 0 0
2 44 0 0 0 0 0
2 44 0 0 0 0 0
2 44 0 0 1 0 0
0 0 0 0 0 0 0
1 30 1 0 0 0 1
2 30 0 0 0 0 0
2 30 0 0 0 0 0
2 30 0 0 0 0 0
2 30 0 0 0 0 0
2 30 0 0 0 0 0
2 30 0 0 1 0 1
0 0 0 0 0 0 0
0 0 0 0 0 0 0
0 0 0 0 0 0 0
0 0 0 0 1 0 0
0 0 0 0 0 0 0
1 49 1 0 0 0 1
2 49 0 0 0 0 0
2 49 0 0 0 0 0
2 49 0 0 0 0 0
2 49 0 0 1 0 0
0 0 0 0 0 0 0
1 30 0 0 1 0 1
2 30 0 0 0 0 0
2 30 0 0 0 0 0
2 30 0 0 0 0 0
2 30 0 0 1 0 0
0 0 0 0 0 0 0
1 32 1 0 0 0 1
2 32 0 0 0 0 0
2 32 0 0 0 0 0
2 32 0 0 0 0 0
2 32 0 0 0 0 0
2 32 0 0 0 0 0
2 32 0 0 1 0 1
0 0 0 0 0 0 0
0 0 0 0 0 0 0
0 0 0 0 0 0 0
0 0 0 0 1 0 0
0 0 0 0 0 0 0
1 34 1 0 0 0 1
2 34 0 0 0 0 0
2 34 0 0 0 0 0
2 34 0 0 0 0 0
2 34 0 0 1 0 0
0 0 0 0 0 0 0
1 36 0 0 1 0 1
2 36 0 0 0 0 0
2 36 0 0 0 0 0
2 36 0 0 0 0 0
2 36 0 0 1 0 0
0 0 0 0 0 0 0
1 37 1 0 0 0 1
2 37 0 0 0 0 0
2 37 0 0 0 0 0
2 37 0 0 0 0 0
2 37 0 0 0 0 0
2 37 0 0 0 0 0
2 37 0 0 1 0 1
0 0 0 0 0 0 0
0 0 0 0 0 0 0
0 0 0 0 0 0 0
0 0 0 0 1 0 0
0 0 0 0 0 0 0
1 37 1 0 0 0 1
2 37 0 0 0 0 0
2 37 0 0 0 0 0
2 37 0 0 0 0 0
2 37 0 0 1 0 0
0 0 0 0 0 0 0
1 41 0 0 1 0 1
2 41 0 0 0 0 0
2 41 0 0 0 0 0
2 41 0 0 0 0 0
2 41 0 0 1 0 0
0 0 0 0 0 0 0
1 46 1 0 0 0 1
2 46 0 0 0 0 0
2 46 0 0 0 0 0
2 46 0 0 0 0 0
2 46 0 0 0 0 0
2 46 0 0 0 0 0
2 46 0 0 1 0 1
0 0 0 0 0 0 0
0 0 0 0 0 0 0
0 0 0 0 0 0 0
0 0 0 0 1 0 0
0 0 0 0 0 0 0
1 41 1 0 0 0 1
2 41 0 0 0 0 0
2 41 0 0 0 0 0
2 41 0 0 0 0 0
2 41 0 0 1 0 0
0 0 0 0 0 0 0
1 44 0 0 1 0 1
2 44 0 0 0 0 0
2 44 0 0 0 0 0
2 44 0 0 0 0 0
2 44 0 0 1 0 0
0 0 0 0 0 0 0
1 30 1 0 0 0 1
2 30 0 0 0 0 0
2 30 0 0 0 0 0
2 30 0 0 0 0 0
2 30 0 0 0 0 0
2 30 0 0 0 0 0
2 30 0 0 1 0 1
0 0 0 0 0 0 0
0 0 0 0 0 0 0
0 0 0 0 0 0 0
0 0 0 0 1 0 0
0 0 0 0 0 0 0
1 49 1 0 0 0 1
2 49 0 0 0 0 0
2 49 0 0 0 0 0
2 49 0 0 0 0 0
2 49 0 0 1 0 0
0 0 0 0 0 0 0
1 30 0 0 1 0 1
2 30 0 0 0 0 0
2 30 0 0 0 0 0
2 30 0 0 0 0 0
2 30 0 0 1 0 0
0 0 0 0 0 0 0
1 32 1 0 0 0 1
2 32 0 0 0 0 0
2 32 0 0 0 0 0
2 32 0 0 0 0 0
2 32 0 0 0 0 0
2 32 0 0 0 0 0
2 32 0 0 1 0 1
0 0 0 0 0 0 0
0 0 0 0 0 0 0
0 0 0 0 0 0 0
0 0 0 0 1 0 0
0 0 0 0 0 0 0
1 34 1 0 0 0 1
2 34 0 0 0 0 0
2 34 0 0 0 0 0
2 34 0 0 0 0 0
2 34 0 0 1 0 0
0 0 0 0 0 0 0
1 36 0 0 1 0 1
2 36 0 0 0 0 0
2 36 0 0 0 0 0
2 36 0 0 0 0 0
2 36 0 0 1 0 0
0 0 0 0 0 0 0
1 37 1 0 0 0 1
2 37 0 0 0 0 0
2 37 0 0 0 0 0
2 37 0 0 0 0 0
2 37 0 0 0 0 0
2 37 0 0 0 0 0
2 37 0 0 1 0 1
0 0 0 0 0 0 0
0 0 0 0 0 0 0
0 0 0 0 0 0 0
0 0 0 0 1 0 0
0 0 0 0 0 0 0
1 37 1 0 0 0 1
2 37 0 0 0 0 0
2 37 0 0 0 0 0
2 37 0 0 0 0 0
2 37 0 0 1 0 0
0 0 0 0 0 0 0
1 41 0 0 1 0 1
2 41 0 0 0 0 0
2 41 0 0 0 0 0
2 41 0 0 0 0 0
2 41 0 0 1 0 0
0 0 0 0 0 0 0
1 46 1 0 0 0 1
2 46 0 0 0 0 0
2 46 0 0 0 0 0
2 46 0 0 0 0 0
2 46 0 0 0 0 0
2 46 0 0 0 0 0
2 46 0 0 1 0 1
0 0 0 0 0 0 0
0 0 0 0 0 0 0
0 0 0 0 0 0 0
0 0 0 0 1 0 0
0 0 0 0 0 0 0
1 41 1 0 0 0 1
2 41 0 0 0 0 0
2 41 0 0 0 0 0
2 41 0 0 0 0 0
2 41 0 0 1 0 0
0 0 0 0 0 0 0
1 44 0 0 1 0 1
2 44 0 0 0 0 0
2 44 0 0 0 0 0
2 44 0 0 0 0 0
2 44 0 0 1 0 0
0 0 0 0 0 0 0
1 30 1 0 0 0 1
2 30 0 0 0 0 0
2 30 0 0 0 0 0
2 30 0 0 0 0 0
2 30 0 0 0 0 0
2 30 0 0 0 0 0
2 30 0 0 1 0 1
0 0 0 0 0 0 0
0 0 0 0 0 0 0
0 0 0 0 0 0 0
0 0 0 0 1 0 0
0 0 0 0 0 0 0
1 49 1 0 0 0 1
2 49 0 0 0 0 0
2 49 0 0 0 0 0
2 49 0 0 0 0 0
2 49 0 0 1 0 0
0 0 0 0 0 0 0
1 30 0 0 1 0 1
2 30 0 0 0 0 0
2 30 0 0 0 0 0
2 30 0 0 0 0 0
2 30 0 0 1 0 0
0 0 0 0 0 0 0
1 32 1 0 0 0 1
2 32 0 0 0 0 0
2 32 0 0 0 0 0
2 32 0 0 0 0 0
2 32 0 0 0 0 0
2 32 0 0 0 0 0
2 32 0 0 1 0 1
0 0 0 0 0 0 0
0 0 0 0 0 0 0
0 0 0 0 0 0 0
0 0 0 0 1 0 0
0 0 0 0 0 0 0
1 34 1 0 0 0 1
2 34 0 0 0 0 0
2 34 0 0 0 0 0
2 34 0 0 0 0 0
2 34 0 0 1 0 0
0 0 0 0 0 0 0
1 36 0 0 1 0 1
2 36 0 0 0 0 0
2 36 0 0 0 0 0
2 36 0 0 0 0 0
2 36 0 0 1 0 0
0 0 0 0 0 0 0
1 37 1 0 0 0 1
2 37 0 0 0 0 0
2 37 0 0 0 0 0
2 37 0 0 0 0 0
2 37 0 0 0 0 0
2 37 0 0 0 0 0
2 37 0 0 1 0 1
0 0 0 0 0 0 0
0 0 0 0 0 0 0
0 0 0 0 0 0 0
0 0 0 0 1 0 0
0 0 0 0 0 0 0
1 37 1 0 0 0 1
2 37 0 0 0 0 0
2 37 0 0 0 0 0
2 37 0 0 0 0 0
2 37 0 0 1 0 0
0 0 0 0 0 0 0
1 41 0 0 1 0 1
2 41 0 0 0 0 0
2 41 0 0 0 0 0
2 41 0 0 0 0 0
2 41 0 0 1 0 0
0 0 0 0 0 0 0
1 46 1 0 0 0 1
2 46 0 0 0 0 0
2 46 0 0 0 0 0
2 46 0 0 0 0 0
2 46 0 0 0 0 0
2 46 0 0 0 0 0
2 46 0 0 1 0 1
0 0 0 0 0 0 0
0 0 0 0 0 0 0
0 0 0 0 0 0 0
0 0 0 0 1 0 0
0 0 0 0 0 0 0
1 41 1 0 0 0 1
2 41 0 0 0 0 0
2 41 0 0 0 0 0
2 41 0 0 0 0 0
2 41 0 0 1 0 0
0 0 0 0 0 0 0
1 44 0 0 1 0 1
2 44 0 0 0 0 0
2 44 0 0 0 0 0
2 44 0 0 0 0 0
2 44 0 0 1 0 0
0 0 0 0 0 0 0
1 30 1 0 0 0 1
2 30 0 0 0 0 0
2 30 0 0 0 0 0
2 30 0 0 0 0 0
2 30 0 0 0 0 0
2 30 0 0 0 0 0
2 30 0 0 1 0 1
0 0 0 0 0 0 0
0 0 0 0 0 0 0
0 0 0 0 0 0 0
0 0 0 0 1 0 0
0 0 0 0 0 0 0
1 49 1 0 0 0 1
2 49 0 0 0 0 0
2 49 0 0 0 0 0
2 49 0 0 0 0 0
2 49 0 0 1 0 0
0 0 0 0 0 0 0
1 30 0 0 1 0 1
2 30 0 0 0 0 0
2 30 0 0 0 0 0
2 30 0 0 0 0 0
2 30 0 0 1 0 0
0 0 0 0 0 0 0
1 32 1 0 0 0 1
2 32 0 0 0 0 0
2 32 0 0 0 0 0
2 32 0 0 0 0 0
2 32 0 0 0 0 0
2 32 0 0 0 0 0
2 32 0 0 1 0 1
0 0 0 0 0 0 0
0 0 0 0 0 0 0
0 0 0 0 0 0 0
0 0 0 0 1 0 0
0 0 0 0 0 0 0
1 34 1 0 0 0 1
2 34 0 0 0 0 0
2 34 0 0 0 0 0
2 34 0 0 0 0 0
2 34 0 0 1 0 0
0 0 0 0 0 0 0
1 36 0 0 1 0 1
2 36 0 0 0 0 0
2 36 0 0 0 0 0
2 36 0 0 0 0 0
2 36 0 0 1 0 0
0 0 0 0 0 0 0
1 37 1 0 0 0 0
2 37 0 0 0 0 0
2 37 0 0 0 0 0
0 0 0 0 0 0 0
0 0 0 0 0 0 0
0 0 0 0 0 0 0
0 0 0 0 0 0 0
0 0 0 0 0 0 0
0 0 0 0 0 0 0
0 0 0 0 0 0 0
0 0 0 0 0 0 0
0 0 0 0 0 0 0
0 0 0 0 0 0 0
0 0 0 0 0 0 0
0 0 0 0 0 0 0
0 0 0 0 0 0 0
0 0 0 0 0 0 0
0 0 0 0 0 0 0
0 0 0 0 0 0 0
0 0 0 0 0 0 0
0 0 0 0 0 0 0
0 0 0 0 0 0 0
0 0 0 0 0 0 0
0 0 0 0 0 0 0
0 0 0 0 0 0 0
0 0 0 0 0 0 0
0 0 0 0 0 0 0
0 0 0 0 0 0 0
0 0 0 0 0 0 0
0 0 0 0 0 0 0
0 0 0 0 0 0 0
0 0 0 0 0 0 0
0 0 0 0 0 0 0
0 0 0 0 0 0 0
0 0 0 0 0 0 0
0 0 0 0 0 0 0
0 0 0 0 0 0 0
0 0 0 0 0 0 0
0 0 0 0 0 0 0
0 0 0 0 0 0 0
0 0 0 0 0 0 0
0 0 0 0 0 0 0
0 0 0 0 0 0 0
0 0 0 0 0 0 0
0 0 0 0 0 0 0
0 0 0 0 0 0 0
0 0 0 0 0 0 0
0 0 0 0 0 0 0
0 0 0 0 0 0 0
0 0 0 0 0 0 0
0 0 0 0 0 0 0
0 0 0 0 0 0 0
0 0 0 0 0 0 0
0 0 0 0 0 0 0
0 0 0 0 0 0 0
0 0 0 0 0 0 0
0 0 0 0 0 0 0
0 0 0 0 0 0 0
0 0 0 0 0 0 0
0 0 0 0 0 0 0
0 0 0 0 0 0 0
0 0 0 0 0 0 0
0 0 0 0 0 0 0
0 0 0 0 0 0 0
0 0 0 0 0 0 0
0 0 0 0 0 0 0
0 0 0 0 0 0 0
0 0 0 0 0 0 0
0 0 0 0 0 0 0
0 0 0 0 0 0 0
0 0 0 0 0 0 0
0 0 0 0 0 0 0
0 0 0 0 0 0 0
0 0 0 0 0 0 0
0 0 0 0 0 0 0
0 0 0 0 0 0 0
0 0 0 0 0 0 0
0 0 0 0 0 0 0
1 32 1 0 1 1 0
2 32 0 0 0 0 0
2 32 0 0 0 0 0
2 32 0 0 0 0 0
2 32 0 0 1 0 0
0 0 0 0 0 0 0
1 34 0 0 1 0 1
2 34 0 0 0 0 0
2 34 0 0 0 0 0
2 34 0 0 0 0 0
2 34 0 0 1 0 0
0 0 0 0 0 0 0
1 36 0 0 1 0 1
2 36 0 0 0 0 0
2 36 0 0 0 0 0
2 36 0 0 0 0 0
2 36 0 0 1 0 0
0 0 0 0 0 0 0
1 37 1 0 0 0 1
2 37 0 0 0 0 0
2 37 0 0 0 0 0
2 37 0 0 0 0 0
2 37 0 0 0 0 0
2 37 0 0 0 0 0
2 37 0 0 1 0 1
0 0 0 0 0 0 0
0 0 0 0 0 0 0
0 0 0 0 0 0 0
0 0 0 0 1 0 0
0 0 0 0 0 0 0
1 37 1 0 0 0 1
2 37 0 0 0 0 0
2 37 0 0 0 0 0
2 37 0 0 0 0 0
2 37 0 0 1 0 0
0 0 0 0 0 0 0
1 41 0 0 1 0 1
2 41 0 0 0 0 0
2 41 0 0 0 0 0
2 41 0 0 0 0 0
2 41 0 0 1 0 0
0 0 0 0 0 0 0
1 46 1 0 0 0 1
2 46 0 0 0 0 0
2 46 0 0 0 0 0
2 46 0 0 0 0 0
2 46 0 0 0 0 0
2 46 0 0 0 0 0
2 46 0 0 1 0 1
0 0 0 0 0 0 0
0 0 0 0 0 0 0
0 0 0 0 0 0 0
0 0 0 0 1 0 0
0 0 0 0 0 0 0
1 41 1 0 0 0 1
2 41 0 0 0 0 0
2 41 0 0 0 0 0
2 41 0 0 0 0 0
2 41 0 0 1 0 0
0 0 0 0 0 0 0
1 44 0 0 1 0 1
2 44 0 0 0 0 0
2 44 0 0 0 0 0
2 44 0 0 0 0 0
2 44 0 0 1 0 0
0 0 0 0 0 0 0
1 30 1 0 0 0 1
2 30 0 0 0 0 0
2 30 0 0 0 0 0
2 30 0 0 0 0 0
2 30 0 0 0 0 0
2 30 0 0 0 0 0
2 30 0 0 1 0 1
0 0 0 0 0 0 0
0 0 0 0 0 0 0
0 0 0 0 0 0 0
0 0 0 0 1 0 0
0 0 0 0 0 0 0
1 49 1 0 0 0 1
2 49 0 0 0 0 0
2 49 0 0 0 0 0
2 49 0 0 0 0 0
2 49 0 0 1 0 0
0 0 0 0 0 0 0
1 30 0 0 1 0 1
2 30 0 0 0 0 0
2 30 0 0 0 0 0
2 30 0 0 0 0 0
2 30 0 0 1 0 0
0 0 0 0 0 0 0
1 32 1 0 0 0 1
2 32 0 0 0 0 0
2 32 0 0 0 0 0
2 32 0 0 0 0 0
2 32 0 0 0 0 0
2 32 0 0 0 0 0
2 32 0 0 1 0 1
0 0 0 0 0 0 0
0 0 0 0 0 0 0
0 0 0 0 0 0 0
0 0 0 0 1 0 0
0 0 0 0 0 0 0
1 34 1 0 0 0 1
2 34 0 0 0 0 0
2 34 0 0 0 0 0
2 34 0 0 0 0 0
2 34 0 0 1 0 0
0 0 0 0 0 0 0
1 36 0 0 1 0 1
2 36 0 0 0 0 0
2 36 0 0 0 0 0
2 36 0 0 0 0 0
2 36 0 0 1 0 0
0 0 0 0 0 0 0
1 37 1 0 0 0 1
2 37 0 0 0 0 0
2 37 0 0 0 0 0
2 37 0 0 0 0 0
2 37 0 0 0 0 0
2 37 0 0 0 0 0
2 37 0 0 1 0 1
0 0 0 0 0 0 0
0 0 0 0 0 0 0
0 0 0 0 0 0 0
0 0 0 0 1 0 0
0 0 0 0 0 0 0
1 37 1 0 0 0 1
2 37 0 0 0 0 0
2 37 0 0 0 0 0
2 37 0 0 0 0 0
2 37 0 0 1 0 0
0 0 0 0 0 0 0
1 41 0 0 1 0 1
2 41 0 0 0 0 0
2 41 0 0 0 0 0
2 41 0 0 0 0 0
2 41 0 0 1 0 0
0 0 0 0 0 0 0
1 46 1 0 0 0 1
2 46 0 0 0 0 0
2 46 0 0 0 0 0
2 46 0 0 0 0 0
2 46 0 0 0 0 0
2 46 0 0 0 0 0
2 46 0 0 1 0 1
0 0 0 0 0 0 0
0 0 0 0 0 0 0
0 0 0 0 0 0 0
0 0 0 0 1 0 0
0 0 0 0 0 0 0
1 41 1 0 0 0 1
2 41 0 0 0 0 0
2 41 0 0 0 0 0
2 41 0 0 0 0 0
2 41 0 0 1 0 0
0 0 0 0 0 0 0
1 44 0 0 1 0 1
2 44 0 0 0 0 0
2 44 0 0 0 0 0
2 44 0 0 0 0 0
2 44 0 0 1 0 0
0 0 0 0 0 0 0
1 30 1 0 0 0 1
2 30 0 0 0 0 0
2 30 0 0 0 0 0
2 30 0 0 0 0 0
2 30 0 0 0 0 0
2 30 0 0 0 0 0
2 30 0 0 1 0 1
0 0 0 0 0 0 0
0 0 0 0 0 0 0
0 0 0 0 0 0 0
0 0 0 0 1 0 0
0 0 0 0 0 0 0
1 49 1 0 0 0 1
2 49 0 0 0 0 0
2 49 0 0 0 0 0
2 49 0 0 0 0 0
2 49 0 0 1 0 0
0 0 0 0 0 0 0
1 30 0 0 1 0 1
2 30 0 0 0 0 0
2 30 0 0 0 0 0
2 30 0 0 0 0 0
2 30 0 0 1 0 0
0 0 0 0 0 0 0
1 32 1 0 0 0 1
2 32 0 0 0 0 0
2 32 0 0 0 0 0
2 32 0 0 0 0 0
2 32 0 0 0 0 0
2 32 0 0 0 0 0
2 32 0 0 1 0 1
0 0 0 0 0 0 0
0 0 0 0 0 0 0
0 0 0 0 0 0 0
0 0 0 0 1 0 0
0 0 0 0 0 0 0
1 34 1 0 0 0 1
2 34 0 0 0 0 0
2 34 0 0 0 0 0
2 34 0 0 0 0 0
2 34 0 0 1 0 0
0 0 0 0 0 0 0
1 36 0 0 1 0 1
2 36 0 0 0 0 0
2 36 0 0 0 0 0
2 36 0 0 0 0 0
2 36 0 0 1 0 0
0 0 0 0 0 0 0
1 37 1 0 0 0 1
2 37 0 0 0 0 0
2 37 0 0 0 0 0
2 37 0 0 0 0 0
2 37 0 0 0 0 0
2 37 0 0 0 0 0
2 37 0 0 1 0 1
0 0 0 0 0 0 0
0 0 0 0 0 0 0
0 0 0 0 0 0 0
0 0 0 0 1 0 0
0 0 0 0 0 0 0
1 37 1 0 0 0 1
2 37 0 0 0 0 0
2 37 0 0 0 0 0
2 37 0 0 0 0 0
2 37 0 0 1 0 0
0 0 0 0 0 0 0
1 41 0 0 1 0 1
2 41 0 0 0 0 0
2 41 0 0 0 0 0
2 41 0 0 0 0 0
2 41 0 0 1 0 0
0 0 0 0 0 0 0
1 46 1 0 0 0 1
2 46 0 0 0 0 0
2 46 0 0 0 0 0
2 46 0 0 0 0 0
2 46 0 0 0 0 0
2 46 0 0 0 0 0
2 46 0 0 1 0 1
0 0 0 0 0 0 0
0 0 0 0 0 0 0
0 0 0 0 0 0 0
0 0 0 0 1 0 0
0 0 0 0 0 0 0
1 41 1 0 0 0 1
2 41 0 0 0 0 0
2 41 0 0 0 0 0
2 41 0 0 0 0 0
2 41 0 0 1 0 0
0 0 0 0 0 0 0
1 44 0 0 1 0 1
2 44 0 0 0 0 0
2 44 0 0 0 0 0
2 44 0 0 0 0 0
2 44 0 0 1 0 0
0 0 0 0 0 0 0
1 30 1 0 0 0 1
2 30 0 0 0 0 0
2 30 0 0 0 0 0
2 30 0 0 0 0 0
2 30 0 0 0 0 0
2 30 0 0 0 0 0
2 30 0 0 1 0 1
0 0 0 0 0 0 0
0 0 0 0 0 0 0
0 0 0 0 0 0 0
0 0 0 0 1 0 0
0 0 0 0 0 0 0
1 49 1 0 0 0 1
2 49 0 0 0 0 0
2 49 0 0 0 0 0
2 49 0 0 0 0 0
2 49 0 0 1 0 0
0 0 0 0 0 0 0
1 30 0 0 1 0 1
2 30 0 0 0 0 0
2 30 0 0 0 0 0
2 30 0 0 0 0 0
2 30 0 0 1 0 0
0 0 0 0 0 0 0
1 32 1 0 0 0 1
2 32 0 0 0 0 0
2 32 0 0 0 0 0
2 32 0 0 0 0 0
2 32 0 0 0 0 0
2 32 0 0 0 0 0
2 32 0 0 1 0 1
0 0 0 0 0 0 0
0 0 0 0 0 0 0
0 0 0 0 0 0 0
0 0 0 0 1 0 0
0 0 0 0 0 0 0
1 34 1 0 0 0 1
2 34 0 0 0 0 0
2 34 0 0 0 0 0
2 34 0 0 0 0 0
2 34 0 0 1 0 0
0 0 0 0 0 0 0
1 36 0 0 1 0 1
2 36 0 0 0 0 0
2 36 0 0 0 0 0
2 36 0 0 0 0 0
2 36 0 0 1 0 0
0 0 0 0 0 0 0
1 37 1 0 0 0 0
2 37 0 0 0 0 0
2 37 0 0 0 0 0
0 0 0 0 0 0 0
0 0 0 0 0 0 0
0 0 0 0 0 0 0
0 0 0 0 0 0 0
0 0 0 0 0 0 0
0 0 0 0 0 0 0
0 0 0 0 0 0 0
0 0 0 0 0 0 0
0 0 0 0 0 0 0
0 0 0 0 0 0 0
0 0 0 0 0 0 0
0 0 0 0 0 0 0
0 0 0 0 0 0 0
0 0 0 0 0 0 0
0 0 0 0 0 0 0
0 0 0 0 0 0 0
0 0 0 0 0 0 0
0 0 0 0 0 0 0
0 0 0 0 0 0 0
0 0 0 0 0 0 0
0 0 0 0 0 0 0
0 0 0 0 0 0 0
0 0 0 0 0 0 0
0 0 0 0 0 0 0
0 0 0 0 0 0 0
0 0 0 0 0 0 0
0 0 0 0 0 0 0
0 0 0 0 0 0 0
0 0 0 0 0 0 0
0 0 0 0 0 0 0
0 0 0 0 0 0 0
0 0 0 0 0 0 0
0 0 0 0 0 0 0
0 0 0 0 0 0 0
0 0 0 0 0 0 0
0 0 0 0 0 0 0
0 0 0 0 0 0 0
0 0 0 0 0 0 0
0 0 0 0 0 0 0
0 0 0 0 0 0 0
0 0 0 0 0 0 0
0 0 0 0 0 0 0
0 0 0 0 0 0 0
0 0 0 0 0 0 0
0 0 0 0 0 0 0
0 0 0 0 0 0 0
0 0 0 0 0 0 0
0 0 0 0 0 0 0
0 0 0 0 0 0 0
0 0 0 0 0 0 0
0 0 0 0 0 0 0
0 0 0 0 0 0 0
0 0 0 0 0 0 0
0 0 0 0 0 0 0
0 0 0 0 0 0 0
0 0 0 0 0 0 0
0 0 0 0 0 0 0
0 0 0 0 0 0 0
0 0 0 0 0 0 0
0 0 0 0 0 0 0
0 0 0 0 0 0 0
0 0 0 0 0 0 0
0 0 0 0 0 0 0
0 0 0 0 0 0 0
0 0 0 0 0 0 0
0 0 0 0 0 0 0
0 0 0 0 0 0 0
0 0 0 0 0 0 0
0 0 0 0 0 0 0
0 0 0 0 0 0 0
0 0 0 0 0 0 0
0 0 0 0 0 0 0
0 0 0 0 0 0 0
0 0 0 0 0 0 0
0 0 0 0 0 0 0
1 32 1 0 1 1 0
2 32 0 0 0 0 0
2 32 0 0 0 0 0
2 32 0 0 0 0 0
2 32 0 0 1 0 0
0 0 0 0 0 0 0
1 34 0 0 1 0 1
2 34 0 0 0 0 0
2 34 0 0 0 0 0
2 34 0 0 0 0 0
2 34 0 0 1 0 0
0 0 0 0 0 0 0
1 36 0 0 1 0 1
2 36 0 0 0 0 0
2 36 0 0 0 0 0
2 36 0 0 0 0 0
2 36 0 0 1 0 0
0 0 0 0 0 0 0
1 37 1 0 0 0 1
2 37 0 0 0 0 0
2 37 0 0 0 0 0
2 37 0 0 0 0 0
2 37 0 0 0 0 0
2 37 0 0 0 0 0
2 37 0 0 1 0 1
0 0 0 0 0 0 0
0 0 0 0 0 0 0
0 0 0 0 0 0 0
1 30 0 0 1 0 0
2 30 0 0 0 0 0
2 30 1 0 0 0 1
2 30 0 0 0 0 0
2 30 0 0 0 0 0
2 30 0 0 0 0 0
2 30 0 0 1 0 0
0 0 0 0 0 0 0
0 0 0 0 1 0 1
0 0 0 0 0 0 0
0 0 0 0 0 0 0
0 0 0 0 0 0 0
0 0 0 0 1 0 0
0 0 0 0 0 0 0
1 32 1 0 0 0 1
2 32 0 0 0 0 0
2 32 0 0 0 0 0
2 32 0 0 0 0 0
2 32 0 0 0 0 0
2 32 0 0 0 0 0
2 32 0 0 1 0 1
0 0 0 0 0 0 0
0 0 0 0 0 0 0
0 0 0 0 0 0 0
0 0 0 0 1 0 0
0 0 0 0 0 0 0
1 34 1 0 0 0 1
2 34 0 0 0 0 0
2 34 0 0 0 0 0
2 34 0 0 0 0 0
2 34 0 0 1 0 0
2 34 0 0 0 0 0
2 34 0 0 1 0 1
0 0 0 0 0 0 0
0 0 0 0 0 0 0
0 0 0 0 0 0 0
0 0 0 0 1 0 0
0 0 0 0 0 0 0
0 0 1 0 0 0 1
0 0 0 0 0 0 0
0 0 0 0 0 0 0
0 0 0 0 0 0 0
0 0 0 0 0 0 0
0 0 0 0 0 0 0
0 0 0 0 1 0 1
0 0 0 0 0 0 0
0 0 0 0 0 0 0
0 0 0 0 0 0 0
1 30 0 0 1 0 0
2 30 0 0 0 0 0
2 30 1 0 0 0 1
2 30 0 0 0 0 0
2 30 0 0 0 0 0
2 30 0 0 0 0 0
2 30 0 0 1 0 0
0 0 0 0 0 0 0
0 0 0 0 1 0 1
0 0 0 0 0 0 0
0 0 0 0 0 0 0
0 0 0 0 0 0 0
0 0 0 0 1 0 0
0 0 0 0 0 0 0
1 32 1 0 0 0 1
2 32 0 0 0 0 0
2 32 0 0 0 0 0
2 32 0 0 0 0 0
2 32 0 0 0 0 0
2 32 0 0 0 0 0
2 32 0 0 1 0 1
0 0 0 0 0 0 0
0 0 0 0 0 0 0
0 0 0 0 0 0 0
0 0 0 0 1 0 0
0 0 0 0 0 0 0
1 34 1 0 0 0 1
2 34 0 0 0 0 0
2 34 0 0 0 0 0
2 34 0 0 0 0 0
2 34 0 0 1 0 0
2 34 0 0 0 0 0
2 34 0 0 1 0 1
0 0 0 0 0 0 0
0 0 0 0 0 0 0
0 0 0 0 0 0 0
0 0 0 0 1 0 0
0 0 0 0 0 0 0
0 0 1 0 0 0 1
0 0 0 0 0 0 0
0 0 0 0 0 0 0
0 0 0 0 0 0 0
0 0 0 0 0 0 0
0 0 0 0 0 0 0
0 0 0 0 1 0 1
0 0 0 0 0 0 0
0 0 0 0 0 0 0
0 0 0 0 0 0 0
1 30 0 0 1 0 0
2 30 0 0 0 0 0
2 30 1 0 0 0 1
2 30 0 0 0 0 0
2 30 0 0 0 0 0
2 30 0 0 0 0 0
2 30 0 0 1 0 0
0 0 0 0 0 0 0
0 0 0 0 1 0 1
0 0 0 0 0 0 0
0 0 0 0 0 0 0
0 0 0 0 0 0 0
0 0 0 0 1 0 0
0 0 0 0 0 0 0
1 32 1 0 0 0 1
2 32 0 0 0 0 0
2 32 0 0 0 0 0
2 32 0 0 0 0 0
2 32 0 0 0 0 0
2 32 0 0 0 0 0
2 32 0 0 1 0 1
0 0 0 0 0 0 0
0 0 0 0 0 0 0
0 0 0 0 0 0 0
0 0 0 0 1 0 0
0 0 0 0 0 0 0
1 34 1 0 0 0 1
2 34 0 0 0 0 0
2 34 0 0 0 0 0
2 34 0 0 0 0 0
2 34 0 0 1 0 0
2 34 0 0 0 0 0
2 34 0 0 1 0 1
0 0 0 0 0 0 0
0 0 0 0 0 0 0
0 0 0 0 0 0 0
0 0 0 0 1 0 0
0 0 0 0 0 0 0
0 0 1 0 0 0 1
0 0 0 0 0 0 0
0 0 0 0 0 0 0
0 0 0 0 0 0 0
0 0 0 0 0 0 0
0 0 0 0 0 0 0
0 0 0 0 1 0 1
0 0 0 0 0 0 0
0 0 0 0 0 0 0
0 0 0 0 0 0 0
1 30 0 0 1 0 0
2 30 0 0 0 0 0
2 30 1 0 0 0 1
2 30 0 0 0 0 0
2 30 0 0 0 0 0
2 30 0 0 0 0 0
2 30 0 0 1 0 0
0 0 0 0 0 0 0
0 0 0 0 1 0 1
0 0 0 0 0 0 0
0 0 0 0 0 0 0
0 0 0 0 0 0 0
0 0 0 0 1 0 0
0 0 0 0 0 0 0
1 32 1 0 0 0 1
2 32 0 0 0 0 0
2 32 0 0 0 0 0
2 32 0 0 0 0 0
2 32 0 0 0 0 0
2 32 0 0 0 0 0
2 32 0 0 1 0 1
0 0 0 0 0 0 0
0 0 0 0 0 0 0
0 0 0 0 0 0 0
0 0 0 0 1 0 0
0 0 0 0 0 0 0
1 34 1 0 0 0 1
2 34 0 0 0 0 0
2 34 0 0 0 0 0
2 34 0 0 0 0 0
2 34 0 0 1 0 0
0 0 0 0 0 0 0
1 36 0 0 1 0 1
2 36 0 0 0 0 0
2 36 0 0 0 0 0
2 36 0 0 0 0 0
2 36 0 0 1 0 0
0 0 0 0 0 0 0
1 37 1 0 0 0 1
2 37 0 0 0 0 0
2 37 0 0 0 0 0
2 37 0 0 0 0 0
2 37 0 0 0 0 0
2 37 0 0 0 0 0
2 37 0 0 1 0 1
0 0 0 0 0 0 0
0 0 0 0 0 0 0
0 0 0 0 0 0 0
0 0 0 0 1 0 0
0 0 0 0 0 0 0
1 37 1 0 0 0 1
2 37 0 0 0 0 0
2 37 0 0 0 0 0
2 37 0 0 0 0 0
2 37 0 0 1 0 0
0 0 0 0 0 0 0
1 41 0 0 1 0 1
2 41 0 0 0 0 0
2 41 0 0 0 0 0
2 41 0 0 0 0 0
2 41 0 0 1 0 0
0 0 0 0 0 0 0
1 46 1 0 0 0 1
2 46 0 0 0 0 0
2 46 0 0 0 0 0
2 46 0 0 0 0 0
2 46 0 0 0 0 0
2 46 0 0 0 0 0
2 46 0 0 1 0 1
0 0 0 0 0 0 0
0 0 0 0 0 0 0
0 0 0 0 0 0 0
0 0 0 0 1 0 0
0 0 0 0 0 0 0
1 41 1 0 0 0 1
2 41 0 0 0 0 0
2 41 0 0 0 0 0
2 41 0 0 0 0 0
2 41 0 0 1 0 0
0 0 0 0 0 0 0
1 44 0 0 1 0 1
2 44 0 0 0 0 0
2 44 0 0 0 0 0
2 44 0 0 0 0 0
2 44 0 0 1 0 0
0 0 0 0 0 0 0
1 30 1 0 0 0 1
2 30 0 0 0 0 0
2 30 0 0 0 0 0
2 30 0 0 0 0 0
2 30 0 0 0 0 0
2 30 0 0 0 0 0
2 30 0 0 1 0 1
0 0 0 0 0 0 0
0 0 0 0 0 0 0
0 0 0 0 0 0 0
0 0 0 0 1 0 0
0 0 0 0 0 0 0
1 49 1 0 0 0 1
2 49 0 0 0 0 0
2 49 0 0 0 0 0
2 49 0 0 0 0 0
2 49 0 0 1 0 0
0 0 0 0 0 0 0
1 30 0 0 1 0 1
2 30 0 0 0 0 0
2 30 0 0 0 0 0
2 30 0 0 0 0 0
2 30 0 0 1 0 0
0 0 0 0 0 0 0
1 32 1 0 0 0 1
2 32 0 0 0 0 0
2 32 0 0 0 0 0
2 32 0 0 0 0 0
2 32 0 0 0 0 0
2 32 0 0 0 0 0
2 32 0 0 1 0 1
0 0 0 0 0 0 0
0 0 0 0 0 0 0
0 0 0 0 0 0 0
0 0 0 0 1 0 0
0 0 0 0 0 0 0
1 34 1 0 0 0 1
2 34 0 0 0 0 0
2 34 0 0 0 0 0
2 34 0 0 0 0 0
2 34 0 0 1 0 0
0 0 0 0 0 0 0
1 36 0 0 1 0 1
2 36 0 0 0 0 0
2 36 0 0 0 0 0
2 36 0 0 0 0 0
2 36 0 0 1 0 0
0 0 0 0 0 0 0
1 37 1 0 0 0 1
2 37 0 0 0 0 0
2 37 0 0 0 0 0
2 37 0 0 0 0 0
2 37 0 0 0 0 0
2 37 0 0 0 0 0
2 37 0 0 1 0 1
0 0 0 0 0 0 0
0 0 0 0 0 0 0
0 0 0 0 0 0 0
0 0 0 0 1 0 0
0 0 0 0 0 0 0
1 37 1 0 0 0 1
2 37 0 0 0 0 0
2 37 0 0 0 0 0
2 37 0 0 0 0 0
2 37 0 0 1 0 0
0 0 0 0 0 0 0
1 41 0 0 1 0 1
2 41 0 0 0 0 0
2 41 0 0 0 0 0
2 41 0 0 0 0 0
2 41 0 0 1 0 0
0 0 0 0 0 0 0
1 46 1 0 0 0 1
2 46 0 0 0 0 0
2 46 0 0 0 0 0
2 46 0 0 0 0 0
2 46 0 0 0 0 0
2 46 0 0 0 0 0
2 46 0 0 1 0 1
0 0 0 0 0 0 0
0 0 0 0 0 0 0
0 0 0 0 0 0 0
0 0 0 0 1 0 0
0 0 0 0 0 0 0
1 41 1 0 0 0 1
2 41 0 0 0 0 0
2 41 0 0 0 0 0
2 41 0 0 0 0 0
2 41 0 0 1 0 0
0 0 0 0 0 0 0
1 44 0 0 1 0 1
2 44 0 0 0 0 0
2 44 0 0 0 0 0
2 44 0 0 0 0 0
2 44 0 0 1 0 0
0 0 0 0 0 0 0
1 30 1 0 0 0 1
2 30 0 0 0 0 0
2 30 0 0 0 0 0
2 30 0 0 0 0 0
2 30 0 0 0 0 0
2 30 0 0 0 0 0
2 30 0 0 1 0 1
0 0 0 0 0 0 0
0 0 0 0 0 0 0
0 0 0 0 0 0 0
0 0 0 0 1 0 0
0 0 0 0 0 0 0
1 49 1 0 0 0 1
2 49 0 0 0 0 0
2 49 0 0 0 0 0
2 49 0 0 0 0 0
2 49 0 0 1 0 0
0 0 0 0 0 0 0
1 30 0 0 1 0 1
2 30 0 0 0 0 0
2 30 0 0 0 0 0
2 30 0 0 0 0 0
2 30 0 0 1 0 0
0 0 0 0 0 0 0
1 32 1 0 0 0 1
2 32 0 0 0 0 0
2 32 0 0 0 0 0
2 32 0 0 0 0 0
2 32 0 0 0 0 0
2 32 0 0 0 0 0
2 32 0 0 1 0 1
0 0 0 0 0 0 0
0 0 0 0 0 0 0
0 0 0 0 0 0 0
0 0 0 0 1 0 0
0 0 0 0 0 0 0
1 34 1 0 0 0 1
2 34 0 0 0 0 0
2 34 0 0 0 0 0
2 34 0 0 0 0 0
2 34 0 0 1 0 0
0 0 0 0 0 0 0
1 36 0 0 1 0 1
2 36 0 0 0 0 0
2 36 0 0 0 0 0
2 36 0 0 0 0 0
2 36 0 0 1 0 0
0 0 0 0 0 0 0
1 37 1 0 0 0 1
2 37 0 0 0 0 0
2 37 0 0 0 0 0
2 37 0 0 0 0 0
2 37 0 0 0 0 0
2 37 0 0 0 0 0
2 37 0 0 1 0 1
0 0 0 0 0 0 0
0 0 0 0 0 0 0
0 0 0 0 0 0 0
0 0 0 0 1 0 0
0 0 0 0 0 0 0
1 37 1 0 0 0 1
2 37 0 0 0 0 0
2 37 0 0 0 0 0
2 37 0 0 0 0 0
2 37 0 0 1 0 0
0 0 0 0 0 0 0
1 41 0 0 1 0 1
2 41 0 0 0 0 0
2 41 0 0 0 0 0
2 41 0 0 0 0 0
2 41 0 0 1 0 0
0 0 0 0 0 0 0
1 46 1 0 0 0 1
2 46 0 0 0 0 0
2 46 0 0 0 0 0
2 46 0 0 0 0 0
2 46 0 0 0 0 0
2 46 0 0 0 0 0
2 46 0 0 1 0 1
0 0 0 0 0 0 0
0 0 0 0 0 0 0
0 0 0 0 0 0 0
0 0 0 0 1 0 0
0 0 0 0 0 0 0
1 41 1 0 0 0 1
2 41 0 0 0 0 0
2 41 0 0 0 0 0
2 41 0 0 0 0 0
2 41 0 0 1 0 0
0 0 0 0 0 0 0
1 44 0 0 1 0 1
2 44 0 0 0 0 0
2 44 0 0 0 0 0
2 44 0 0 0 0 0
2 44 0 0 1 0 0
0 0 0 0 0 0 0
1 30 1 0 0 0 1
2 30 0 0 0 0 0
2 30 0 0 0 0 0
2 30 0 0 0 0 0
2 30 0 0 0 0 0
2 30 0 0 0 0 0
2 30 0 0 1 0 1
0 0 0 0 0 0 0
0 0 0 0 0 0 0
0 0 0 0 0 0 0
0 0 0 0 1 0 0
0 0 0 0 0 0 0
1 49 1 0 0 0 1
2 49 0 0 0 0 0
2 49 0 0 0 0 0
2 49 0 0 0 0 0
2 49 0 0 1 0 0
0 0 0 0 0 0 0
1 30 0 0 1 0 1
2 30 0 0 0 0 0
2 30 0 0 0 0 0
2 30 0 0 0 0 0
2 30 0 0 1 0 0
0 0 0 0 0 0 0
1 32 1 0 0 0 1
2 32 0 0 0 0 0
2 32 0 0 0 0 0
2 32 0 0 0 0 0
2 32 0 0 0 0 0
2 32 0 0 0 0 0
2 32 0 0 1 0 1
0 0 0 0 0 0 0
0 0 0 0 0 0 0
0 0 0 0 0 0 0
0 0 0 0 1 0 0
0 0 0 0 0 0 0
1 34 1 0 0 0 1
2 34 0 0 0 0 0
2 34 0 0 0 0 0
2 34 0 0 0 0 0
2 34 0 0 1 0 0
0 0 0 0 0 0 0
1 36 0 0 1 0 1
2 36 0 0 0 0 0
2 36 0 0 0 0 0
2 36 0 0 0 0 0
2 36 0 0 1 0 0
0 0 0 0 0 0 0
1 37 1 0 0 0 0
2 37 0 0 0 0 0
2 37 0 0 0 0 0
0 0 0 0 0 0 0
0 0 0 0 0 0 0
0 0 0 0 0 0 0
0 0 0 0 0 0 0
0 0 0 0 0 0 0
0 0 0 0 0 0 0
0 0 0 0 0 0 0
0 0 0 0 0 0 0
0 0 0 0 0 0 0
0 0 0 0 0 0 0
0 0 0 0 0 0 0
0 0 0 0 0 0 0
0 0 0 0 0 0 0
0 0 0 0 0 0 0
0 0 0 0 0 0 0
0 0 0 0 0 0 0
0 0 0 0 0 0 0
0 0 0 0 0 0 0
0 0 0 0 0 0 0
0 0 0 0 0 0 0
0 0 0 0 0 0 0
0 0 0 0 0 0 0
0 0 0 0 0 0 0
0 0 0 0 0 0 0
0 0 0 0 0 0 0
0 0 0 0 0 0 0
0 0 0 0 0 0 0
0 0 0 0 0 0 0
0 0 0 0 0 0 0
0 0 0 0 0 0 0
0 0 0 0 0 0 0
0 0 0 0 0 0 0
0 0 0 0 0 0 0
0 0 0 0 0 0 0
0 0 0 0 0 0 0
0 0 0 0 0 0 0
0 0 0 0 0 0 0
0 0 0 0 0 0 0
0 0 0 0 0 0 0
0 0 0 0 0 0 0
0 0 0 0 0 0 0
0 0 0 0 0 0 0
0 0 0 0 0 0 0
0 0 0 0 0 0 0
0 0 0 0 0 0 0
0 0 0 0 0 0 0
0 0 0 0 0 0 0
0 0 0 0 0 0 0
0 0 0 0 0 0 0
0 0 0 0 0 0 0
0 0 0 0 0 0 0
0 0 0 0 0 0 0
0 0 0 0 0 0 0
0 0 0 0 0 0 0
0 0 0 0 0 0 0
0 0 0 0 0 0 0
0 0 0 0 0 0 0
0 0 0 0 0 0 0
0 0 0 0 0 0 0
0 0 0 0 0 0 0
0 0 0 0 0 0 0
0 0 0 0 0 0 0
0 0 0 0 0 0 0
0 0 0 0 0 0 0
0 0 0 0 0 0 0
0 0 0 0 0 0 0
0 0 0 0 0 0 0
0 0 0 0 0 0 0
0 0 0 0 0 0 0
0 0 0 0 0 0 0
0 0 0 0 0 0 0
0 0 0 0 0 0 0
0 0 0 0 0 0 0
0 0 1 0 1 0 0
0 0 0 0 0 0 0
1 32 0 0 1 0 0
2 32 0 0 0 0 0
2 32 0 0 0 0 0
2 32 0 0 0 0 0
2 32 0 0 1 0 0
0 0 0 0 0 0 0
1 34 0 0 1 0 0
2 34 0 0 0 0 0
2 34 0 0 0 0 0
2 34 0 0 0 0 0
2 34 0 0 1 0 0
0 0 0 0 0 0 0
1 36 0 0 1 0 0
2 36 0 0 0 0 0
2 36 0 0 0 0 0
2 36 0 0 0 0 0
2 36 0 0 1 0 0
0 0 0 0 0 0 0
1 37 1 0 0 0 1
2 37 0 0 0 0 0
2 37 0 0 0 0 0
2 37 0 0 0 0 0
2 37 0 0 0 0 0
2 37 0 0 0 0 0
2 37 0 0 1 0 1
0 0 0 0 0 0 0
0 0 0 0 0 0 0
0 0 0 0 0 0 0
0 0 0 0 1 0 0
0 0 0 0 0 0 0
1 37 1 0 0 0 1
2 37 0 0 0 0 0
2 37 0 0 0 0 0
2 37 0 0 0 0 0
2 37 0 0 1 0 0
0 0 0 0 0 0 0
1 41 0 0 1 0 1
2 41 0 0 0 0 0
2 41 0 0 0 0 0
2 41 0 0 0 0 0
2 41 0 0 1 0 0
0 0 0 0 0 0 0
1 46 1 0 0 0 1
2 46 0 0 0 0 0
2 46 0 0 0 0 0
2 46 0 0 0 0 0
2 46 0 0 0 0 0
2 46 0 0 0 0 0
2 46 0 0 1 0 1
0 0 0 0 0 0 0
0 0 0 0 0 0 0
0 0 0 0 0 0 0
0 0 0 0 1 0 0
0 0 0 0 0 0 0
1 41 1 0 0 0 1
2 41 0 0 0 0 0
2 41 0 0 0 0 0
2 41 0 0 0 0 0
2 41 0 0 1 0 0
0 0 0 0 0 0 0
1 44 0 0 1 0 1
2 44 0 0 0 0 0
2 44 0 0 0 0 0
2 44 0 0 0 0 0
2 44 0 0 1 0 0
0 0 0 0 0 0 0
1 30 1 0 0 0 1
2 30 0 0 0 0 0
2 30 0 0 0 0 0
2 30 0 0 0 0 0
2 30 0 0 0 0 0
2 30 0 0 0 0 0
2 30 0 0 1 0 1
0 0 0 0 0 0 0
0 0 0 0 0 0 0
0 0 0 0 0 0 0
0 0 0 0 1 0 0
0 0 0 0 0 0 0
1 49 1 0 0 0 1
2 49 0 0 0 0 0
2 49 0 0 0 0 0
2 49 0 0 0 0 0
2 49 0 0 1 0 0
0 0 0 0 0 0 0
1 30 0 0 1 0 1
2 30 0 0 0 0 0
2 30 0 0 0 0 0
2 30 0 0 0 0 0
2 30 0 0 1 0 0
0 0 0 0 0 0 0
1 32 1 0 0 0 1
2 32 0 0 0 0 0
2 32 0 0 0 0 0
2 32 0 0 0 0 0
2 32 0 0 0 0 0
2 32 0 0 0 0 0
2 32 0 0 1 0 1
0 0 0 0 0 0 0
0 0 0 0 0 0 0
0 0 0 0 0 0 0
0 0 0 0 1 0 0
0 0 0 0 0 0 0
1 34 1 0 0 0 1
2 34 0 0 0 0 0
2 34 0 0 0 0 0
2 34 0 0 0 0 0
2 34 0 0 1 0 0
0 0 0 0 0 0 0
1 36 0 0 1 0 1
2 36 0 0 0 0 0
2 36 0 0 0 0 0
2 36 0 0 0 0 0
2 36 0 0 0 0 0
0 0 0 0 0 0 0
1 37 0 0 0 0 0
2 37 0 0 0 0 0
2 37 0 0 0 0 0
2 37 0 0 0 0 0
2 37 0 0 0 0 0
2 37 0 0 0 0 0
2 37 0 0 0 0 0
2 37 0 0 0 0 0
2 37 0 0 0 0 0
2 37 0 0 0 0 0
2 37 0 0 0 0 0
2 37 0 0 0 0 0
2 37 0 0 0 0 0
2 37 0 0 0 0 0
2 37 0 0 0 0 0
2 37 0 0 0 0 0
2 37 0 0 0 0 0
