1 50 0 0 0 0 0
2 50 0 0 0 0 0
2 50 0 0 0 0 0
2 50 0 0 0 0 0
0 0 0 0 0 0 0
0 0 0 0 0 0 0
0 0 0 0 0 0 0
1 49 0 0 0 0 0
2 49 0 0 0 0 0
2 49 0 0 0 0 0
2 49 0 0 0 0 0
2 49 0 0 0 0 0
0 0 0 0 0 0 0
0 0 0 0 0 0 0
0 0 0 0 0 0 0
1 48 0 0 0 0 0
2 48 0 0 0 0 0
2 48 0 0 0 0 0
2 48 0 0 0 0 0
2 48 0 0 0 0 0
0 0 0 0 0 0 0
0 0 0 0 0 0 0
0 0 0 0 0 0 0
1 47 0 0 0 0 0
2 47 0 0 0 0 0
2 47 0 0 0 0 0
2 47 0 0 0 0 0
2 47 0 0 0 0 0
0 0 0 0 0 0 0
0 0 0 0 0 0 0
0 0 1 0 0 1 0
0 0 0 0 0 0 0
0 0 0 0 0 0 0
0 0 0 0 0 0 0
0 0 0 0 0 0 0
1 40 0 0 0 0 0
2 40 0 0 0 0 0
0 0 0 0 0 0 0
0 0 0 0 0 0 0
1 40 0 0 0 0 0
2 40 0 0 1 0 1
0 0 0 0 0 0 0
0 0 0 0 0 0 0
1 43 0 0 0 0 0
2 43 0 0 0 0 1
0 0 0 0 0 0 0
0 0 0 0 0 0 0
1 40 0 0 0 0 0
2 40 1 0 0 0 1
0 0 0 0 0 0 0
0 0 0 0 0 0 0
1 40 0 0 0 0 0
2 40 0 0 0 0 1
0 0 0 0 0 0 0
0 0 0 0 0 0 0
1 43 0 0 0 0 0
2 43 0 0 1 0 1
0 0 0 0 0 0 0
0 0 0 0 0 0 0
0 0 0 0 0 0 0
1 33 1 0 0 0 1
2 33 0 0 0 0 0
2 33 0 0 0 0 0
2 33 1 0 0 0 0
0 0 0 0 0 0 1
0 0 0 0 0 0 0
0 0 0 0 0 0 0
1 40 0 0 0 0 0
2 40 0 0 0 0 1
0 0 0 0 0 0 0
0 0 0 0 0 0 0
1 40 0 0 0 0 0
2 40 0 0 1 0 1
0 0 0 0 0 0 0
0 0 0 0 0 0 0
1 43 0 0 0 0 0
2 43 0 0 0 0 1
0 0 0 0 0 0 0
0 0 0 0 0 0 0
1 40 0 0 0 0 0
2 40 1 0 0 0 1
0 0 0 0 0 0 0
0 0 0 0 0 0 0
1 37 0 0 1 0 0
2 37 1 0 0 0 1
0 0 0 0 0 0 0
0 0 0 0 0 0 0
1 40 1 0 0 0 0
2 40 0 0 1 0 1
0 0 0 0 0 0 0
0 0 0 0 0 0 0
1 42 1 0 0 0 0
2 42 0 0 0 0 1
0 0 0 0 0 0 0
0 0 0 0 0 0 0
0 0 0 0 0 0 0
0 0 1 0 0 1 0
0 0 0 0 0 0 0
0 0 0 0 0 0 0
1 40 0 0 0 0 0
2 40 0 0 0 0 1
0 0 0 0 0 0 0
0 0 0 0 0 0 0
1 40 0 0 0 0 0
2 40 0 0 1 0 1
0 0 0 0 0 0 0
0 0 0 0 0 0 0
1 43 0 0 0 0 0
2 43 0 0 0 0 1
0 0 0 0 0 0 0
0 0 0 0 0 0 0
1 40 0 0 0 0 0
2 40 1 0 0 0 1
0 0 0 0 0 0 0
0 0 0 0 0 0 0
1 40 0 0 0 0 0
2 40 0 0 0 0 1
0 0 0 0 0 0 0
0 0 0 0 0 0 0
1 43 0 0 0 0 0
2 43 0 0 1 0 1
0 0 0 0 0 0 0
0 0 0 0 0 0 0
0 0 0 0 0 0 0
1 33 1 0 0 0 1
2 33 0 0 0 0 0
2 33 0 0 0 0 0
2 33 1 0 0 0 0
0 0 0 0 0 0 1
0 0 0 0 0 0 0
0 0 0 0 0 0 0
1 40 0 0 0 0 0
2 40 0 0 0 0 1
0 0 0 0 0 0 0
0 0 0 0 0 0 0
1 40 0 0 0 0 0
2 40 0 0 1 0 1
0 0 0 0 0 0 0
0 0 0 0 0 0 0
1 43 0 0 0 0 0
2 43 0 0 0 0 1
0 0 0 0 0 0 0
0 0 0 0 0 0 0
1 40 0 0 0 0 0
2 40 1 0 0 0 1
0 0 0 0 0 0 0
0 0 0 0 0 0 0
1 37 0 0 1 0 0
2 37 1 0 0 0 1
0 0 0 0 0 0 0
0 0 0 0 0 0 0
1 40 1 0 0 0 0
2 40 0 0 1 0 1
0 0 0 0 0 0 0
0 0 0 0 0 0 0
1 42 1 0 0 0 0
2 42 0 0 0 0 1
0 0 0 0 0 0 0
0 0 0 0 0 0 0
0 0 0 0 0 0 0
0 0 1 0 0 0 1
0 0 0 0 0 0 0
0 0 0 0 0 0 0
1 40 0 0 0 0 0
2 40 0 0 0 0 1
0 0 0 0 0 0 0
0 0 0 0 0 0 0
1 40 0 0 0 0 0
2 40 0 0 1 0 1
0 0 0 0 0 0 0
0 0 0 0 0 0 0
1 43 0 0 0 0 0
2 43 0 0 0 0 1
0 0 0 0 0 0 0
0 0 0 0 0 0 0
1 40 0 0 0 0 0
2 40 1 0 0 0 1
0 0 0 0 0 0 0
0 0 0 0 0 0 0
1 40 0 0 0 0 0
2 40 0 0 0 0 1
0 0 0 0 0 0 0
0 0 0 0 0 0 0
1 43 0 0 0 0 0
2 43 0 0 1 0 1
0 0 0 0 0 0 0
0 0 0 0 0 0 0
0 0 0 0 0 0 0
1 33 1 0 0 0 1
2 33 0 0 0 0 0
2 33 0 0 0 0 0
2 33 1 0 0 0 0
0 0 0 0 0 0 1
0 0 0 0 0 0 0
0 0 0 0 0 0 0
1 40 0 0 0 0 0
2 40 0 0 0 0 1
0 0 0 0 0 0 0
0 0 0 0 0 0 0
1 40 0 0 0 0 0
2 40 0 0 1 0 1
0 0 0 0 0 0 0
0 0 0 0 0 0 0
1 43 0 0 0 0 0
2 43 0 0 0 0 1
0 0 0 0 0 0 0
0 0 0 0 0 0 0
1 40 0 0 0 0 0
2 40 1 0 0 0 1
0 0 0 0 0 0 0
0 0 0 0 0 0 0
1 37 0 0 1 0 0
2 37 1 0 0 0 1
0 0 0 0 0 0 0
0 0 0 0 0 0 0
1 40 1 0 0 0 0
2 40 0 0 1 0 1
0 0 0 0 0 0 0
0 0 0 0 0 0 0
1 42 0 0 0 0 0
2 42 0 0 1 0 1
0 0 0 0 0 0 0
0 0 0 0 0 0 0
0 0 0 0 1 0 0
0 0 1 0 0 1 0
0 0 0 0 0 0 0
0 0 0 0 0 0 0
1 40 0 0 0 0 0
2 40 0 0 0 0 1
0 0 0 0 0 0 0
0 0 0 0 0 0 0
1 40 0 0 0 0 0
2 40 0 0 1 0 1
0 0 0 0 0 0 0
0 0 0 0 0 0 0
1 43 0 0 0 0 0
2 43 0 0 0 0 1
0 0 0 0 0 0 0
0 0 0 0 0 0 0
1 40 0 0 0 0 0
2 40 1 0 0 0 1
0 0 0 0 0 0 0
0 0 0 0 0 0 0
1 40 0 0 0 0 0
2 40 0 0 0 0 1
0 0 0 0 0 0 0
0 0 0 0 0 0 0
1 43 0 0 0 0 0
2 43 0 0 1 0 1
0 0 0 0 0 0 0
0 0 0 0 0 0 0
0 0 0 0 0 0 0
1 33 1 0 0 0 1
2 33 0 0 0 0 0
2 33 0 0 0 0 0
2 33 1 0 0 0 0
0 0 0 0 0 0 1
0 0 0 0 0 0 0
0 0 0 0 0 0 0
1 40 0 0 0 0 0
2 40 0 0 0 0 1
0 0 0 0 0 0 0
0 0 0 0 0 0 0
1 40 0 0 0 0 0
2 40 0 0 1 0 1
0 0 0 0 0 0 0
0 0 0 0 0 0 0
1 43 0 0 0 0 0
2 43 0 0 0 0 1
0 0 0 0 0 0 0
0 0 0 0 0 0 0
1 40 0 0 0 0 0
2 40 1 0 0 0 1
0 0 0 0 0 0 0
0 0 0 0 0 0 0
1 37 1 0 0 0 0
2 37 0 0 0 0 1
0 0 0 0 0 0 0
0 0 0 0 0 0 0
1 40 1 0 0 0 0
2 40 0 0 1 0 1
0 0 0 0 0 0 0
0 0 0 0 0 0 0
1 42 0 0 0 0 0
2 42 0 0 1 0 1
0 0 0 0 0 0 0
0 0 0 0 0 0 0
0 0 0 0 1 0 0
1 47 1 0 0 1 0
2 47 0 0 0 0 0
2 47 0 0 0 0 0
2 47 0 0 0 0 0
1 47 0 0 0 0 1
2 47 0 0 0 0 0
2 47 0 0 0 0 0
2 47 0 0 0 0 0
0 0 0 0 1 0 1
0 0 0 0 0 0 0
0 0 0 0 0 0 0
1 45 0 0 0 0 0
2 45 0 0 0 0 1
0 0 0 0 0 0 0
0 0 0 0 0 0 0
0 0 0 0 0 0 0
0 0 1 0 0 0 1
0 0 0 0 0 0 0
0 0 0 0 0 0 0
0 0 0 0 0 0 0
1 47 0 0 0 0 1
2 47 0 0 0 0 0
2 47 0 0 0 0 0
2 47 0 0 0 0 0
0 0 0 0 1 0 1
0 0 0 0 0 0 0
0 0 0 0 0 0 0
0 0 1 0 0 0 0
0 0 0 0 0 0 1
0 0 0 0 0 0 0
0 0 0 0 0 0 0
0 0 0 0 1 0 0
0 0 1 0 0 0 1
0 0 0 0 0 0 0
0 0 0 0 0 0 0
0 0 0 0 0 0 0
1 47 0 0 0 0 1
2 47 0 0 0 0 0
2 47 0 0 0 0 0
2 47 0 0 0 0 0
0 0 0 0 1 0 1
0 0 0 0 0 0 0
0 0 0 0 0 0 0
1 45 0 0 0 0 0
2 45 0 0 0 0 1
0 0 0 0 0 0 0
0 0 0 0 0 0 0
0 0 0 0 0 0 0
0 0 1 0 0 0 1
0 0 0 0 0 0 0
0 0 0 0 0 0 0
0 0 0 0 0 0 0
0 0 0 0 0 0 1
0 0 0 0 0 0 0
0 0 0 0 0 0 0
1 40 0 0 0 0 0
2 40 0 0 1 0 1
2 40 0 0 0 0 0
2 40 0 0 0 0 0
2 40 0 0 0 0 0
2 40 0 0 0 0 1
2 40 0 0 0 0 0
2 40 0 0 0 0 0
2 40 0 0 0 0 0
2 40 1 0 0 1 0
0 0 0 0 0 0 0
0 0 0 0 0 0 0
0 0 0 0 0 0 0
1 47 0 0 0 0 1
2 47 0 0 0 0 0
2 47 0 0 0 0 0
2 47 0 0 0 0 0
0 0 0 0 1 0 1
0 0 0 0 0 0 0
0 0 0 0 0 0 0
1 45 0 0 0 0 0
2 45 0 0 0 0 1
0 0 0 0 0 0 0
0 0 0 0 0 0 0
0 0 0 0 0 0 0
0 0 1 0 0 0 1
0 0 0 0 0 0 0
0 0 0 0 0 0 0
0 0 0 0 0 0 0
1 47 0 0 0 0 1
2 47 0 0 0 0 0
2 47 0 0 0 0 0
2 47 0 0 0 0 0
0 0 0 0 1 0 1
0 0 0 0 0 0 0
0 0 0 0 0 0 0
0 0 1 0 0 0 0
0 0 0 0 0 0 1
0 0 0 0 0 0 0
0 0 0 0 0 0 0
0 0 0 0 1 0 0
0 0 1 0 0 0 1
0 0 0 0 0 0 0
0 0 0 0 0 0 0
0 0 0 0 0 0 0
1 47 0 0 0 0 1
2 47 0 0 0 0 0
2 47 0 0 0 0 0
2 47 0 0 0 0 0
0 0 0 0 1 0 1
0 0 0 0 0 0 0
0 0 0 0 0 0 0
1 45 0 0 0 0 0
2 45 0 0 0 0 1
0 0 0 0 0 0 0
0 0 0 0 0 0 0
0 0 0 0 0 0 0
0 0 1 0 0 0 1
0 0 0 0 0 0 0
0 0 0 0 0 0 0
1 47 0 0 0 0 0
2 47 0 0 0 0 1
0 0 0 0 0 0 0
0 0 0 0 0 0 0
1 47 0 0 0 0 0
2 47 0 0 1 0 1
0 0 0 0 0 0 0
0 0 0 0 0 0 0
1 47 1 0 0 0 0
2 47 0 0 0 0 1
0 0 0 0 0 0 0
0 0 0 0 0 0 0
0 0 0 0 0 0 0
0 0 1 0 0 1 0
0 0 0 0 0 0 0
0 0 0 0 0 0 0
0 0 0 0 0 0 0
1 47 0 0 0 0 1
2 47 0 0 0 0 0
2 47 0 0 0 0 0
2 47 0 0 0 0 0
0 0 0 0 1 0 1
0 0 0 0 0 0 0
0 0 0 0 0 0 0
1 45 0 0 0 0 0
2 45 0 0 0 0 1
0 0 0 0 0 0 0
0 0 0 0 0 0 0
0 0 0 0 0 0 0
0 0 1 0 0 0 1
0 0 0 0 0 0 0
0 0 0 0 0 0 0
0 0 0 0 0 0 0
1 47 0 0 0 0 1
2 47 0 0 0 0 0
2 47 0 0 0 0 0
2 47 0 0 0 0 0
0 0 0 0 1 0 1
0 0 0 0 0 0 0
0 0 0 0 0 0 0
0 0 1 0 0 0 0
0 0 0 0 0 0 1
0 0 0 0 0 0 0
0 0 0 0 0 0 0
0 0 0 0 1 0 0
0 0 1 0 0 0 1
0 0 0 0 0 0 0
0 0 0 0 0 0 0
0 0 0 0 0 0 0
1 47 0 0 0 0 1
2 47 0 0 0 0 0
2 47 0 0 0 0 0
2 47 0 0 0 0 0
0 0 0 0 1 0 1
0 0 0 0 0 0 0
0 0 0 0 0 0 0
1 45 0 0 0 0 0
2 45 0 0 0 0 1
0 0 0 0 0 0 0
0 0 0 0 0 0 0
0 0 0 0 0 0 0
0 0 1 0 0 0 1
0 0 0 0 0 0 0
0 0 0 0 0 0 0
0 0 0 0 0 0 0
0 0 0 0 0 0 1
0 0 0 0 0 0 0
0 0 0 0 0 0 0
1 40 0 0 0 0 0
2 40 0 0 1 0 1
2 40 0 0 0 0 0
2 40 0 0 0 0 0
2 40 0 0 0 0 0
2 40 0 0 0 0 1
2 40 0 0 0 0 0
2 40 0 0 0 0 0
2 40 0 0 0 0 0
2 40 1 0 0 1 0
0 0 0 0 0 0 0
0 0 0 0 0 0 0
0 0 0 0 0 0 0
1 47 0 0 0 0 1
2 47 0 0 0 0 0
2 47 0 0 0 0 0
2 47 0 0 0 0 0
0 0 0 0 1 0 1
0 0 0 0 0 0 0
0 0 0 0 0 0 0
1 45 0 0 0 0 0
2 45 0 0 0 0 1
0 0 0 0 0 0 0
0 0 0 0 0 0 0
0 0 0 0 0 0 0
0 0 1 0 0 0 1
0 0 0 0 0 0 0
0 0 0 0 0 0 0
0 0 0 0 0 0 0
1 47 0 0 0 0 1
2 47 0 0 0 0 0
2 47 0 0 0 0 0
2 47 0 0 0 0 0
0 0 0 0 1 0 1
0 0 0 0 0 0 0
0 0 0 0 0 0 0
0 0 1 0 0 0 0
0 0 0 0 0 0 1
0 0 0 0 0 0 0
0 0 0 0 0 0 0
0 0 0 0 1 0 0
0 0 1 0 0 0 1
0 0 0 0 0 0 0
0 0 0 0 0 0 0
0 0 0 0 0 0 0
1 47 0 0 0 0 1
2 47 0 0 0 0 0
2 47 0 0 0 0 0
2 47 0 0 0 0 0
0 0 0 0 1 0 1
0 0 0 0 0 0 0
0 0 0 0 0 0 0
1 45 0 0 0 0 0
2 45 0 0 0 0 1
0 0 0 0 0 0 0
0 0 0 0 0 0 0
0 0 0 0 1 0 0
0 0 1 0 0 0 0
0 0 0 0 0 0 0
1 45 0 0 0 0 0
2 45 0 0 1 0 0
0 0 0 0 1 0 0
0 0 0 0 0 0 0
0 0 0 0 0 0 0
1 38 1 0 0 1 0
2 38 0 0 0 0 0
2 38 0 0 0 0 0
2 38 0 0 0 0 0
2 38 0 0 0 0 0
2 38 0 0 0 0 0
2 38 0 0 0 0 0
2 38 0 0 0 0 0
2 38 0 0 0 0 0
2 38 1 0 0 1 0
0 0 0 0 0 0 0
0 0 0 0 0 0 0
1 40 0 0 0 0 0
2 40 0 0 0 0 1
0 0 0 0 0 0 0
0 0 0 0 0 0 0
1 40 0 0 0 0 0
2 40 0 0 1 0 1
0 0 0 0 0 0 0
0 0 0 0 0 0 0
1 43 0 0 0 0 0
2 43 0 0 0 0 1
0 0 0 0 0 0 0
0 0 0 0 0 0 0
1 40 0 0 0 0 0
2 40 1 0 0 0 1
0 0 0 0 0 0 0
0 0 0 0 0 0 0
1 40 0 0 0 0 0
2 40 0 0 0 0 1
0 0 0 0 0 0 0
0 0 0 0 0 0 0
1 43 0 0 0 0 0
2 43 0 0 1 0 1
0 0 0 0 0 0 0
0 0 0 0 0 0 0
0 0 0 0 0 0 0
1 33 1 0 0 0 1
2 33 0 0 0 0 0
2 33 0 0 0 0 0
2 33 1 0 0 0 0
0 0 0 0 0 0 1
0 0 0 0 0 0 0
0 0 0 0 0 0 0
1 40 0 0 0 0 0
2 40 0 0 0 0 1
0 0 0 0 0 0 0
0 0 0 0 0 0 0
1 40 0 0 0 0 0
2 40 0 0 1 0 1
0 0 0 0 0 0 0
0 0 0 0 0 0 0
1 43 0 0 0 0 0
2 43 0 0 0 0 1
0 0 0 0 0 0 0
0 0 0 0 0 0 0
1 40 0 0 0 0 0
2 40 1 0 0 0 1
0 0 0 0 0 0 0
0 0 0 0 0 0 0
1 37 0 0 1 0 0
2 37 1 0 0 0 1
0 0 0 0 0 0 0
0 0 0 0 0 0 0
1 40 1 0 0 0 0
2 40 0 0 1 0 1
0 0 0 0 0 0 0
0 0 0 0 0 0 0
1 42 1 0 0 0 0
2 42 0 0 0 0 1
0 0 0 0 0 0 0
0 0 0 0 0 0 0
0 0 0 0 0 0 0
0 0 1 0 0 0 1
0 0 0 0 0 0 0
0 0 0 0 0 0 0
1 40 0 0 0 0 0
2 40 0 0 0 0 1
0 0 0 0 0 0 0
0 0 0 0 0 0 0
1 40 0 0 0 0 0
2 40 0 0 1 0 1
0 0 0 0 0 0 0
0 0 0 0 0 0 0
1 43 0 0 0 0 0
2 43 0 0 0 0 1
0 0 0 0 0 0 0
0 0 0 0 0 0 0
1 40 0 0 0 0 0
2 40 1 0 0 0 1
0 0 0 0 0 0 0
0 0 0 0 0 0 0
1 40 0 0 0 0 0
2 40 0 0 0 0 1
0 0 0 0 0 0 0
0 0 0 0 0 0 0
1 43 0 0 0 0 0
2 43 0 0 1 0 1
0 0 0 0 0 0 0
0 0 0 0 0 0 0
0 0 0 0 0 0 0
1 33 1 0 0 0 1
2 33 0 0 0 0 0
2 33 0 0 0 0 0
2 33 1 0 0 0 0
0 0 0 0 0 0 1
0 0 0 0 0 0 0
0 0 0 0 0 0 0
1 40 0 0 0 0 0
2 40 0 0 0 0 1
0 0 0 0 0 0 0
0 0 0 0 0 0 0
1 40 0 0 0 0 0
2 40 0 0 1 0 1
0 0 0 0 0 0 0
0 0 0 0 0 0 0
1 43 0 0 0 0 0
2 43 0 0 0 0 1
0 0 0 0 0 0 0
0 0 0 0 0 0 0
1 40 0 0 0 0 0
2 40 1 0 0 0 1
0 0 0 0 0 0 0
0 0 0 0 0 0 0
1 37 0 0 1 0 0
2 37 1 0 0 0 1
0 0 0 0 0 0 0
0 0 0 0 0 0 0
1 40 1 0 0 0 0
2 40 0 0 1 0 1
0 0 0 0 0 0 0
0 0 0 0 0 0 0
1 42 0 0 0 0 0
2 42 0 0 1 0 1
0 0 0 0 0 0 0
0 0 0 0 0 0 0
0 0 0 0 1 0 0
0 0 1 0 0 1 0
0 0 0 0 0 0 0
0 0 0 0 0 0 0
1 40 0 0 0 0 0
2 40 0 0 0 0 1
0 0 0 0 0 0 0
0 0 0 0 0 0 0
1 40 0 0 0 0 0
2 40 0 0 1 0 1
0 0 0 0 0 0 0
0 0 0 0 0 0 0
1 43 0 0 0 0 0
2 43 0 0 0 0 1
0 0 0 0 0 0 0
0 0 0 0 0 0 0
1 40 0 0 0 0 0
2 40 1 0 0 0 1
0 0 0 0 0 0 0
0 0 0 0 0 0 0
1 40 0 0 0 0 0
2 40 0 0 0 0 1
0 0 0 0 0 0 0
0 0 0 0 0 0 0
1 43 0 0 0 0 0
2 43 0 0 1 0 1
0 0 0 0 0 0 0
0 0 0 0 0 0 0
0 0 0 0 0 0 0
1 33 1 0 0 0 1
2 33 0 0 0 0 0
2 33 0 0 0 0 0
2 33 1 0 0 0 0
0 0 0 0 0 0 1
0 0 0 0 0 0 0
0 0 0 0 0 0 0
1 40 0 0 0 0 0
2 40 0 0 0 0 1
0 0 0 0 0 0 0
0 0 0 0 0 0 0
1 40 0 0 0 0 0
2 40 0 0 1 0 1
0 0 0 0 0 0 0
0 0 0 0 0 0 0
1 43 0 0 0 0 0
2 43 0 0 0 0 1
0 0 0 0 0 0 0
0 0 0 0 0 0 0
1 40 0 0 1 0 0
2 40 1 0 0 0 1
0 0 0 0 0 0 0
0 0 0 0 0 0 0
1 37 1 0 0 0 0
2 37 0 0 0 0 1
0 0 0 0 0 0 0
0 0 0 0 0 0 0
1 40 1 0 0 0 0
2 40 0 0 1 0 1
0 0 0 0 0 0 0
0 0 0 0 0 0 0
1 42 0 0 0 0 0
2 42 1 0 0 0 1
0 0 0 0 0 0 0
0 0 0 0 0 0 0
0 0 0 0 0 0 0
0 0 1 0 0 1 0
0 0 0 0 0 0 0
0 0 0 0 0 0 0
1 40 0 0 0 0 0
2 40 0 0 0 0 1
0 0 0 0 0 0 0
0 0 0 0 0 0 0
1 40 0 0 0 0 0
2 40 0 0 1 0 1
0 0 0 0 0 0 0
0 0 0 0 0 0 0
1 43 0 0 0 0 0
2 43 0 0 0 0 1
0 0 0 0 0 0 0
0 0 0 0 0 0 0
1 40 0 0 0 0 0
2 40 1 0 0 0 1
0 0 0 0 0 0 0
0 0 0 0 0 0 0
1 40 0 0 0 0 0
2 40 0 0 0 0 1
0 0 0 0 0 0 0
0 0 0 0 0 0 0
1 43 0 0 0 0 0
2 43 0 0 1 0 1
0 0 0 0 0 0 0
0 0 0 0 0 0 0
0 0 0 0 0 0 0
1 33 1 0 0 0 1
2 33 0 0 0 0 0
2 33 0 0 0 0 0
2 33 1 0 0 0 0
0 0 0 0 0 0 1
0 0 0 0 0 0 0
0 0 0 0 0 0 0
1 40 0 0 0 0 0
2 40 0 0 0 0 1
0 0 0 0 0 0 0
0 0 0 0 0 0 0
1 40 0 0 0 0 0
2 40 0 0 1 0 1
0 0 0 0 0 0 0
0 0 0 0 0 0 0
1 43 0 0 0 0 0
2 43 0 0 0 0 1
0 0 0 0 0 0 0
0 0 0 0 0 0 0
1 40 0 0 0 0 0
2 40 1 0 0 0 1
0 0 0 0 0 0 0
0 0 0 0 0 0 0
1 37 0 0 1 0 0
2 37 0 0 0 0 1
0 0 0 0 0 0 0
0 0 0 0 0 0 0
1 40 1 0 0 0 0
2 40 0 0 1 0 1
0 0 0 0 0 0 0
0 0 0 0 0 0 0
1 42 0 0 0 0 0
2 42 0 0 1 0 1
0 0 0 0 0 0 0
0 0 0 0 0 0 0
0 0 0 0 1 0 0
1 47 1 0 0 1 0
2 47 0 0 0 0 0
2 47 0 0 0 0 0
2 47 0 0 0 0 0
1 47 0 0 0 0 1
2 47 0 0 0 0 0
2 47 0 0 0 0 0
2 47 0 0 0 0 0
0 0 0 0 1 0 1
0 0 0 0 0 0 0
0 0 0 0 0 0 0
1 45 0 0 0 0 0
2 45 0 0 0 0 1
0 0 0 0 0 0 0
0 0 0 0 0 0 0
0 0 0 0 0 0 0
0 0 1 0 0 0 1
0 0 0 0 0 0 0
0 0 0 0 0 0 0
0 0 0 0 0 0 0
1 47 0 0 0 0 1
2 47 0 0 0 0 0
2 47 0 0 0 0 0
2 47 0 0 0 0 0
0 0 0 0 1 0 1
0 0 0 0 0 0 0
0 0 0 0 0 0 0
0 0 1 0 0 0 0
0 0 0 0 0 0 1
0 0 0 0 0 0 0
0 0 0 0 0 0 0
0 0 0 0 1 0 0
0 0 1 0 0 0 1
0 0 0 0 0 0 0
0 0 0 0 0 0 0
0 0 0 0 0 0 0
1 47 0 0 0 0 1
2 47 0 0 0 0 0
2 47 0 0 0 0 0
2 47 0 0 0 0 0
0 0 0 0 1 0 1
0 0 0 0 0 0 0
0 0 0 0 0 0 0
1 45 0 0 0 0 0
2 45 0 0 0 0 1
0 0 0 0 0 0 0
0 0 0 0 0 0 0
0 0 0 0 0 0 0
0 0 1 0 0 0 1
0 0 0 0 0 0 0
0 0 0 0 0 0 0
0 0 0 0 0 0 0
0 0 0 0 0 0 1
0 0 0 0 0 0 0
0 0 0 0 0 0 0
1 40 0 0 0 0 0
2 40 0 0 1 0 1
2 40 0 0 0 0 0
2 40 0 0 0 0 0
2 40 0 0 0 0 0
2 40 0 0 0 0 1
2 40 0 0 0 0 0
2 40 0 0 0 0 0
2 40 0 0 0 0 0
2 40 1 0 0 1 0
0 0 0 0 0 0 0
0 0 0 0 0 0 0
0 0 0 0 0 0 0
1 47 0 0 0 0 1
2 47 0 0 0 0 0
2 47 0 0 0 0 0
2 47 0 0 0 0 0
0 0 0 0 1 0 1
0 0 0 0 0 0 0
0 0 0 0 0 0 0
1 45 0 0 0 0 0
2 45 0 0 0 0 1
0 0 0 0 0 0 0
0 0 0 0 0 0 0
0 0 0 0 0 0 0
0 0 1 0 0 0 1
0 0 0 0 0 0 0
0 0 0 0 0 0 0
0 0 0 0 0 0 0
1 47 0 0 0 0 1
2 47 0 0 0 0 0
2 47 0 0 0 0 0
2 47 0 0 0 0 0
0 0 0 0 1 0 1
0 0 0 0 0 0 0
0 0 0 0 0 0 0
0 0 1 0 0 0 0
0 0 0 0 0 0 1
0 0 0 0 0 0 0
0 0 0 0 0 0 0
0 0 0 0 1 0 0
0 0 1 0 0 0 1
0 0 0 0 0 0 0
0 0 0 0 0 0 0
0 0 0 0 0 0 0
1 47 0 0 0 0 1
2 47 0 0 0 0 0
2 47 0 0 0 0 0
2 47 0 0 0 0 0
0 0 0 0 1 0 1
0 0 0 0 0 0 0
0 0 0 0 0 0 0
1 45 0 0 0 0 0
2 45 0 0 0 0 1
0 0 0 0 0 0 0
0 0 0 0 0 0 0
0 0 0 0 0 0 0
0 0 1 0 0 0 1
0 0 0 0 0 0 0
0 0 0 0 0 0 0
1 47 0 0 0 0 0
2 47 0 0 0 0 1
0 0 0 0 0 0 0
0 0 0 0 0 0 0
1 47 0 0 0 0 0
2 47 0 0 1 0 1
0 0 0 0 0 0 0
0 0 0 0 0 0 0
1 47 1 0 0 0 0
2 47 0 0 0 0 1
0 0 0 0 0 0 0
0 0 0 0 0 0 0
0 0 0 0 0 0 0
0 0 1 0 0 1 0
0 0 0 0 0 0 0
0 0 0 0 0 0 0
0 0 0 0 0 0 0
1 47 0 0 0 0 1
2 47 0 0 0 0 0
2 47 0 0 0 0 0
2 47 0 0 0 0 0
0 0 0 0 1 0 1
0 0 0 0 0 0 0
0 0 0 0 0 0 0
1 45 0 0 0 0 0
2 45 0 0 0 0 1
0 0 0 0 0 0 0
0 0 0 0 0 0 0
0 0 0 0 0 0 0
0 0 1 0 0 0 1
0 0 0 0 0 0 0
0 0 0 0 0 0 0
0 0 0 0 0 0 0
1 47 0 0 0 0 1
2 47 0 0 0 0 0
2 47 0 0 0 0 0
2 47 0 0 0 0 0
0 0 0 0 1 0 1
0 0 0 0 0 0 0
0 0 0 0 0 0 0
0 0 1 0 0 0 0
0 0 0 0 0 0 1
0 0 0 0 0 0 0
0 0 0 0 0 0 0
0 0 0 0 1 0 0
0 0 1 0 0 0 1
0 0 0 0 0 0 0
0 0 0 0 0 0 0
0 0 0 0 0 0 0
1 47 0 0 0 0 1
2 47 0 0 0 0 0
2 47 0 0 0 0 0
2 47 0 0 0 0 0
0 0 0 0 1 0 1
0 0 0 0 0 0 0
0 0 0 0 0 0 0
1 45 0 0 0 0 0
2 45 0 0 0 0 1
0 0 0 0 0 0 0
0 0 0 0 0 0 0
0 0 0 0 0 0 0
0 0 1 0 0 0 1
0 0 0 0 0 0 0
0 0 0 0 0 0 0
0 0 0 0 0 0 0
0 0 0 0 0 0 1
0 0 0 0 0 0 0
0 0 0 0 0 0 0
1 40 0 0 0 0 0
2 40 0 0 1 0 1
2 40 0 0 0 0 0
2 40 0 0 0 0 0
2 40 0 0 0 0 0
2 40 0 0 0 0 1
2 40 0 0 0 0 0
2 40 0 0 0 0 0
2 40 0 0 0 0 0
2 40 1 0 0 1 0
0 0 0 0 0 0 0
0 0 0 0 0 0 0
0 0 0 0 0 0 0
1 47 0 0 0 0 1
2 47 0 0 0 0 0
2 47 0 0 0 0 0
2 47 0 0 0 0 0
0 0 0 0 1 0 1
0 0 0 0 0 0 0
0 0 0 0 0 0 0
1 45 0 0 0 0 0
2 45 0 0 0 0 1
0 0 0 0 0 0 0
0 0 0 0 0 0 0
0 0 0 0 0 0 0
0 0 1 0 0 0 1
0 0 0 0 0 0 0
0 0 0 0 0 0 0
0 0 0 0 0 0 0
1 47 0 0 0 0 1
2 47 0 0 0 0 0
2 47 0 0 0 0 0
2 47 0 0 0 0 0
0 0 0 0 1 0 1
0 0 0 0 0 0 0
0 0 0 0 0 0 0
0 0 1 0 0 0 0
0 0 0 0 0 0 1
0 0 0 0 0 0 0
0 0 0 0 0 0 0
0 0 0 0 1 0 0
0 0 1 0 0 0 1
0 0 0 0 0 0 0
0 0 0 0 0 0 0
0 0 0 0 0 0 0
1 47 0 0 0 0 1
2 47 0 0 0 0 0
2 47 0 0 0 0 0
2 47 0 0 0 0 0
0 0 0 0 1 0 1
0 0 0 0 0 0 0
0 0 0 0 0 0 0
1 45 0 0 0 0 0
2 45 0 0 0 0 1
0 0 0 0 0 0 0
0 0 0 0 0 0 0
0 0 0 0 1 0 0
0 0 0 1 0 0 0
0 0 0 0 0 0 0
1 45 0 1 0 0 0
2 45 0 1 0 0 0
0 0 0 1 0 0 0
0 0 0 0 0 0 0
0 0 0 0 0 0 0
1 38 1 0 0 1 0
2 38 0 0 0 0 0
2 38 0 0 0 0 0
2 38 0 0 0 0 0
2 38 0 0 0 0 0
2 38 0 0 0 0 0
2 38 0 0 0 0 0
2 38 0 0 0 0 0
2 38 0 0 0 0 0
2 38 1 0 0 1 0
0 0 0 0 0 0 0
0 0 0 0 0 0 0
1 33 0 0 0 0 0
2 33 0 0 0 0 1
0 0 0 0 0 0 0
0 0 0 0 0 0 0
1 33 0 0 0 0 0
2 33 0 0 1 0 1
0 0 0 0 0 0 0
0 0 0 0 0 0 0
1 36 0 0 0 0 0
2 36 0 0 0 0 1
0 0 0 0 0 0 0
0 0 0 0 0 0 0
1 33 0 0 0 0 0
2 33 1 0 0 0 1
0 0 0 0 0 0 0
0 0 0 0 0 0 0
1 33 0 0 0 0 0
2 33 0 0 0 0 1
0 0 0 0 0 0 0
0 0 0 0 0 0 0
1 36 0 0 0 0 0
2 36 0 0 1 0 1
0 0 0 0 0 0 0
0 0 0 0 0 0 0
0 0 0 0 0 0 0
1 38 1 0 0 0 1
2 38 0 0 0 0 0
2 38 0 0 0 0 0
2 38 1 0 0 0 0
0 0 0 0 0 0 1
0 0 0 0 0 0 0
0 0 0 0 0 0 0
1 33 0 0 0 0 0
2 33 0 0 0 0 1
0 0 0 0 0 0 0
0 0 0 0 0 0 0
1 33 0 0 0 0 0
2 33 0 0 1 0 1
0 0 0 0 0 0 0
0 0 0 0 0 0 0
1 36 0 0 0 0 0
2 36 0 0 0 0 1
0 0 0 0 0 0 0
0 0 0 0 0 0 0
1 33 0 0 0 0 0
2 33 1 0 0 0 1
0 0 0 0 0 0 0
0 0 0 0 0 0 0
1 30 0 0 1 0 0
2 30 1 0 0 0 1
0 0 0 0 0 0 0
0 0 0 0 0 0 0
1 33 1 0 0 0 0
2 33 0 0 1 0 1
0 0 0 0 0 0 0
0 0 0 0 0 0 0
1 35 1 0 0 0 0
2 35 0 0 0 0 1
0 0 0 0 0 0 0
0 0 0 0 0 0 0
0 0 0 0 0 0 0
0 0 1 0 0 1 0
0 0 0 0 0 0 0
0 0 0 0 0 0 0
1 33 0 0 0 0 0
2 33 0 0 0 0 1
0 0 0 0 0 0 0
0 0 0 0 0 0 0
1 33 0 0 0 0 0
2 33 0 0 1 0 1
0 0 0 0 0 0 0
0 0 0 0 0 0 0
1 36 0 0 0 0 0
2 36 0 0 0 0 1
0 0 0 0 0 0 0
0 0 0 0 0 0 0
1 33 0 0 0 0 0
2 33 1 0 0 0 1
0 0 0 0 0 0 0
0 0 0 0 0 0 0
1 33 0 0 0 0 0
2 33 0 0 0 0 1
0 0 0 0 0 0 0
0 0 0 0 0 0 0
1 36 0 0 0 0 0
2 36 0 0 1 0 1
0 0 0 0 0 0 0
0 0 0 0 0 0 0
0 0 0 0 0 0 0
1 38 1 0 0 0 1
2 38 0 0 0 0 0
2 38 0 0 0 0 0
2 38 1 0 0 0 0
0 0 0 0 0 0 1
0 0 0 0 0 0 0
0 0 0 0 0 0 0
1 33 0 0 0 0 0
2 33 0 0 0 0 1
0 0 0 0 0 0 0
0 0 0 0 0 0 0
1 33 0 0 0 0 0
2 33 0 0 1 0 1
0 0 0 0 0 0 0
0 0 0 0 0 0 0
1 36 0 0 0 0 0
2 36 0 0 0 0 1
0 0 0 0 0 0 0
0 0 0 0 0 0 0
1 33 0 0 0 0 0
2 33 1 0 0 0 1
0 0 0 0 0 0 0
0 0 0 0 0 0 0
1 30 0 0 1 0 0
2 30 1 0 0 0 1
0 0 0 0 0 0 0
0 0 0 0 0 0 0
1 33 1 0 0 0 0
2 33 0 0 1 0 1
0 0 0 0 0 0 0
0 0 0 0 0 0 0
1 35 1 0 0 0 0
2 35 0 0 0 0 1
0 0 0 0 0 0 0
0 0 0 0 0 0 0
0 0 0 0 0 0 0
0 0 1 0 0 1 0
0 0 0 0 0 0 0
0 0 0 0 0 0 0
1 33 0 0 0 0 0
2 33 0 0 0 0 1
0 0 0 0 0 0 0
0 0 0 0 0 0 0
1 33 0 0 0 0 0
2 33 0 0 1 0 1
0 0 0 0 0 0 0
0 0 0 0 0 0 0
1 36 0 0 0 0 0
2 36 0 0 0 0 1
0 0 0 0 0 0 0
0 0 0 0 0 0 0
1 33 0 0 0 0 0
2 33 1 0 0 0 1
0 0 0 0 0 0 0
0 0 0 0 0 0 0
1 33 0 0 0 0 0
2 33 0 0 0 0 1
0 0 0 0 0 0 0
0 0 0 0 0 0 0
1 36 0 0 0 0 0
2 36 0 0 1 0 1
0 0 0 0 0 0 0
0 0 0 0 0 0 0
0 0 0 0 0 0 0
1 38 1 0 0 0 1
2 38 0 0 0 0 0
2 38 0 0 0 0 0
2 38 1 0 0 0 0
0 0 0 0 0 0 1
0 0 0 0 0 0 0
0 0 0 0 0 0 0
1 33 0 0 0 0 0
2 33 0 0 0 0 1
0 0 0 0 0 0 0
0 0 0 0 0 0 0
1 33 0 0 0 0 0
2 33 0 0 1 0 1
0 0 0 0 0 0 0
0 0 0 0 0 0 0
1 36 0 0 0 0 0
2 36 0 0 0 0 1
0 0 0 0 0 0 0
0 0 0 0 0 0 0
1 33 0 0 0 0 0
2 33 1 0 0 0 1
0 0 0 0 0 0 0
0 0 0 0 0 0 0
1 30 0 0 1 0 0
2 30 1 0 0 0 1
0 0 0 0 0 0 0
0 0 0 0 0 0 0
1 33 1 0 0 0 0
2 33 0 0 1 0 1
0 0 0 0 0 0 0
0 0 0 0 0 0 0
1 35 1 0 0 0 0
2 35 0 0 0 0 1
0 0 0 0 0 0 0
0 0 0 0 0 0 0
0 0 0 0 0 0 0
0 0 1 0 0 1 0
0 0 0 0 0 0 0
0 0 0 0 0 0 0
1 33 0 0 0 0 0
2 33 0 0 0 0 1
0 0 0 0 0 0 0
0 0 0 0 0 0 0
1 33 0 0 0 0 0
2 33 0 0 1 0 1
0 0 0 0 0 0 0
0 0 0 0 0 0 0
1 36 0 0 0 0 0
2 36 0 0 0 0 1
0 0 0 0 0 0 0
0 0 0 0 0 0 0
1 33 0 0 0 0 0
2 33 1 0 0 0 1
0 0 0 0 0 0 0
0 0 0 0 0 0 0
1 33 0 0 0 0 0
2 33 0 0 0 0 1
0 0 0 0 0 0 0
0 0 0 0 0 0 0
1 36 0 0 0 0 0
2 36 0 0 1 0 1
0 0 0 0 0 0 0
0 0 0 0 0 0 0
0 0 0 0 0 0 0
1 38 1 0 0 0 1
2 38 0 0 0 0 0
2 38 0 0 0 0 0
2 38 1 0 0 0 0
0 0 0 0 0 0 1
0 0 0 0 0 0 0
0 0 0 0 0 0 0
1 33 0 0 0 0 0
2 33 0 0 0 0 1
0 0 0 0 0 0 0
0 0 0 0 0 0 0
1 33 0 0 0 0 0
2 33 0 0 1 0 1
0 0 0 0 0 0 0
0 0 0 0 0 0 0
1 36 0 0 0 0 0
2 36 0 0 0 0 1
0 0 0 0 0 0 0
0 0 0 0 0 0 0
1 33 0 0 0 0 0
2 33 1 0 0 0 1
0 0 0 0 0 0 0
0 0 0 0 0 0 0
1 30 0 0 1 0 0
2 30 1 0 0 0 1
0 0 0 0 0 0 0
0 0 0 0 0 0 0
1 33 1 0 0 0 0
2 33 0 0 1 0 1
0 0 0 0 0 0 0
0 0 0 0 0 0 0
1 35 1 0 0 0 0
2 35 0 0 0 0 1
0 0 0 0 0 0 0
0 0 0 0 0 0 0
1 36 1 0 0 1 0
2 36 0 0 0 0 0
2 36 0 0 0 0 0
2 36 0 0 0 0 0
2 36 0 0 0 0 0
2 36 0 0 0 0 0
0 0 0 0 0 0 0
0 0 0 0 0 0 0
0 0 0 0 0 0 0
0 0 0 0 1 0 1
0 0 0 0 0 0 0
0 0 0 0 0 0 0
1 36 0 0 0 0 0
2 36 0 0 0 0 1
0 0 0 0 0 0 0
0 0 0 0 0 0 0
1 36 0 0 0 0 0
2 36 1 0 0 0 1
0 0 0 0 0 0 0
0 0 0 0 0 0 0
0 0 0 0 0 0 0
0 0 0 0 0 0 1
0 0 0 0 0 0 0
0 0 0 0 0 0 0
0 0 0 0 0 0 0
0 0 0 0 1 0 1
0 0 0 0 0 0 0
0 0 0 0 0 0 0
1 36 0 0 0 0 0
2 36 0 0 0 0 1
0 0 0 0 0 0 0
0 0 0 0 0 0 0
1 36 0 0 0 0 0
2 36 1 0 0 0 1
0 0 0 0 0 0 0
0 0 0 0 0 0 0
0 0 0 0 0 0 0
0 0 0 0 0 0 1
0 0 0 0 0 0 0
0 0 0 0 0 0 0
0 0 0 0 0 0 0
0 0 0 0 1 0 1
0 0 0 0 0 0 0
0 0 0 0 0 0 0
1 35 0 0 0 0 0
2 35 0 0 0 0 1
0 0 0 0 0 0 0
0 0 0 0 0 0 0
1 35 0 0 0 0 0
2 35 1 0 0 0 1
0 0 0 0 0 0 0
0 0 0 0 0 0 0
0 0 0 0 0 0 0
0 0 0 0 0 0 1
0 0 0 0 0 0 0
0 0 0 0 0 0 0
0 0 0 0 0 0 0
0 0 0 0 1 0 1
0 0 0 0 0 0 0
0 0 0 0 0 0 0
1 35 0 0 0 0 0
2 35 0 0 0 0 1
0 0 0 0 0 0 0
0 0 0 0 0 0 0
1 35 0 0 1 0 0
2 35 1 0 0 0 1
0 0 0 0 0 0 0
0 0 0 0 0 0 0
0 0 0 0 0 0 0
0 0 0 0 0 0 1
0 0 0 0 0 0 0
0 0 0 0 0 0 0
0 0 0 0 0 0 0
0 0 0 0 1 0 1
0 0 0 0 0 0 0
0 0 0 0 0 0 0
1 36 0 0 0 0 0
2 36 0 0 0 0 1
0 0 0 0 0 0 0
0 0 0 0 0 0 0
1 36 0 0 0 0 1
2 36 1 0 0 0 1
0 0 0 0 0 0 0
0 0 0 0 0 0 0
0 0 0 0 0 0 0
0 0 0 0 0 0 1
0 0 0 0 0 0 0
0 0 0 0 0 0 0
0 0 0 0 0 0 0
0 0 0 0 1 0 1
0 0 0 0 0 0 0
0 0 0 0 0 0 0
1 36 0 0 0 0 0
2 36 0 0 0 0 1
0 0 0 0 0 0 0
0 0 0 0 0 0 0
1 36 0 0 0 0 0
2 36 1 0 0 0 1
0 0 0 0 0 0 0
0 0 0 0 0 0 0
0 0 0 0 0 0 0
0 0 0 0 0 0 1
0 0 0 0 0 0 0
0 0 0 0 0 0 0
0 0 0 0 0 0 0
0 0 0 0 1 0 1
0 0 0 0 0 0 0
0 0 0 0 0 0 0
1 38 0 0 0 0 0
2 38 0 0 0 0 1
0 0 0 0 0 0 0
0 0 0 0 0 0 0
1 38 0 0 0 0 1
2 38 1 0 0 0 1
0 0 0 0 0 0 0
0 0 0 0 0 0 0
0 0 0 0 0 0 0
0 0 0 0 0 0 1
0 0 0 0 0 0 0
0 0 0 0 0 0 0
0 0 0 0 0 0 0
0 0 0 0 1 0 1
0 0 0 0 0 0 0
0 0 0 0 0 0 0
1 38 0 0 0 0 0
2 38 0 0 0 0 1
0 0 0 0 0 0 0
0 0 0 0 0 0 0
1 38 0 0 0 0 0
2 38 1 0 1 1 0
0 0 0 0 0 0 0
0 0 0 0 0 0 0
0 0 0 0 0 0 0
0 0 0 0 0 0 0
0 0 0 0 0 0 0
0 0 0 0 0 0 0
0 0 0 0 0 0 0
0 0 0 0 0 0 1
0 0 0 0 0 0 0
0 0 0 0 0 0 0
0 0 0 0 0 0 0
0 0 0 0 0 0 0
0 0 0 0 0 0 0
0 0 0 0 0 0 0
0 0 0 0 0 0 0
1 38 1 0 1 1 0
2 38 0 0 0 0 0
2 38 0 0 0 0 0
2 38 0 0 0 0 0
2 38 0 0 0 0 0
0 0 0 0 0 0 0
0 0 0 0 0 0 0
0 0 0 0 0 0 0
0 0 0 0 0 0 1
0 0 0 0 0 0 0
0 0 0 0 0 0 0
0 0 0 0 0 0 0
0 0 0 0 0 0 0
0 0 0 0 0 0 0
0 0 0 0 0 0 0
0 0 0 0 0 0 0
0 0 1 0 0 1 0
0 0 0 0 0 0 0
0 0 0 0 0 0 0
1 40 0 0 0 0 0
2 40 0 0 0 0 0
0 0 0 0 0 0 0
0 0 0 0 0 0 0
1 40 0 0 0 0 0
2 40 0 0 1 0 1
0 0 0 0 0 0 0
0 0 0 0 0 0 0
1 43 0 0 0 0 0
2 43 0 0 0 0 1
0 0 0 0 0 0 0
0 0 0 0 0 0 0
1 40 0 0 0 0 0
2 40 1 0 0 0 1
0 0 0 0 0 0 0
0 0 0 0 0 0 0
1 40 0 0 0 0 0
2 40 0 0 0 0 1
0 0 0 0 0 0 0
0 0 0 0 0 0 0
1 43 0 0 0 0 0
2 43 0 0 1 0 1
0 0 0 0 0 0 0
0 0 0 0 0 0 0
0 0 0 0 0 0 0
1 33 1 0 0 0 1
2 33 0 0 0 0 0
2 33 0 0 0 0 0
2 33 1 0 0 0 0
0 0 0 0 0 0 1
0 0 0 0 0 0 0
0 0 0 0 0 0 0
1 40 0 0 0 0 0
2 40 0 0 0 0 1
0 0 0 0 0 0 0
0 0 0 0 0 0 0
1 40 0 0 0 0 0
2 40 0 0 1 0 1
0 0 0 0 0 0 0
0 0 0 0 0 0 0
1 43 0 0 0 0 0
2 43 0 0 0 0 1
0 0 0 0 0 0 0
0 0 0 0 0 0 0
1 40 0 0 0 0 0
2 40 1 0 0 0 1
0 0 0 0 0 0 0
0 0 0 0 0 0 0
1 37 0 0 1 0 0
2 37 1 0 0 0 1
0 0 0 0 0 0 0
0 0 0 0 0 0 0
1 40 1 0 0 0 0
2 40 0 0 1 0 1
0 0 0 0 0 0 0
0 0 0 0 0 0 0
1 42 1 0 0 0 0
2 42 0 0 0 0 1
0 0 0 0 0 0 0
0 0 0 0 0 0 0
0 0 0 0 0 0 0
0 0 1 0 0 1 0
0 0 0 0 0 0 0
0 0 0 0 0 0 0
1 40 0 0 0 0 0
2 40 0 0 0 0 1
0 0 0 0 0 0 0
0 0 0 0 0 0 0
1 40 0 0 0 0 0
2 40 0 0 1 0 1
0 0 0 0 0 0 0
0 0 0 0 0 0 0
1 43 0 0 0 0 0
2 43 0 0 0 0 1
0 0 0 0 0 0 0
0 0 0 0 0 0 0
1 40 0 0 0 0 0
2 40 1 0 0 0 1
0 0 0 0 0 0 0
0 0 0 0 0 0 0
1 40 0 0 0 0 0
2 40 0 0 0 0 1
0 0 0 0 0 0 0
0 0 0 0 0 0 0
1 43 0 0 0 0 0
2 43 0 0 1 0 1
0 0 0 0 0 0 0
0 0 0 0 0 0 0
0 0 0 0 0 0 0
1 33 1 0 0 0 1
2 33 0 0 0 0 0
2 33 0 0 0 0 0
2 33 1 0 0 0 0
0 0 0 0 0 0 1
0 0 0 0 0 0 0
0 0 0 0 0 0 0
1 40 0 0 0 0 0
2 40 0 0 0 0 1
0 0 0 0 0 0 0
0 0 0 0 0 0 0
1 40 0 0 0 0 0
2 40 0 0 1 0 1
0 0 0 0 0 0 0
0 0 0 0 0 0 0
1 43 0 0 0 0 0
2 43 0 0 0 0 1
0 0 0 0 0 0 0
0 0 0 0 0 0 0
1 40 0 0 0 0 0
2 40 1 0 0 0 1
0 0 0 0 0 0 0
0 0 0 0 0 0 0
1 37 0 0 1 0 0
2 37 1 0 0 0 1
0 0 0 0 0 0 0
0 0 0 0 0 0 0
1 40 1 0 0 0 0
2 40 0 0 1 0 1
0 0 0 0 0 0 0
0 0 0 0 0 0 0
1 42 1 0 0 0 0
2 42 0 0 0 0 1
0 0 0 0 0 0 0
0 0 0 0 0 0 0
0 0 0 0 0 0 0
0 0 1 0 0 0 1
0 0 0 0 0 0 0
0 0 0 0 0 0 0
1 40 0 0 0 0 0
2 40 0 0 0 0 1
0 0 0 0 0 0 0
0 0 0 0 0 0 0
1 40 0 0 0 0 0
2 40 0 0 1 0 1
0 0 0 0 0 0 0
0 0 0 0 0 0 0
1 43 0 0 0 0 0
2 43 0 0 0 0 1
0 0 0 0 0 0 0
0 0 0 0 0 0 0
1 40 0 0 0 0 0
2 40 1 0 0 0 1
0 0 0 0 0 0 0
0 0 0 0 0 0 0
1 40 0 0 0 0 0
2 40 0 0 0 0 1
0 0 0 0 0 0 0
0 0 0 0 0 0 0
1 43 0 0 0 0 0
2 43 0 0 1 0 1
0 0 0 0 0 0 0
0 0 0 0 0 0 0
0 0 0 0 0 0 0
1 33 1 0 0 0 1
2 33 0 0 0 0 0
2 33 0 0 0 0 0
2 33 1 0 0 0 0
0 0 0 0 0 0 1
0 0 0 0 0 0 0
0 0 0 0 0 0 0
1 40 0 0 0 0 0
2 40 0 0 0 0 1
0 0 0 0 0 0 0
0 0 0 0 0 0 0
1 40 0 0 0 0 0
2 40 0 0 1 0 1
0 0 0 0 0 0 0
0 0 0 0 0 0 0
1 43 0 0 0 0 0
2 43 0 0 0 0 1
0 0 0 0 0 0 0
0 0 0 0 0 0 0
1 40 0 0 0 0 0
2 40 1 0 0 0 1
0 0 0 0 0 0 0
0 0 0 0 0 0 0
1 37 0 0 1 0 0
2 37 1 0 0 0 1
0 0 0 0 0 0 0
0 0 0 0 0 0 0
1 40 1 0 0 0 0
2 40 0 0 1 0 1
0 0 0 0 0 0 0
0 0 0 0 0 0 0
1 42 0 0 0 0 0
2 42 0 0 1 0 1
0 0 0 0 0 0 0
0 0 0 0 0 0 0
0 0 0 0 1 0 0
0 0 1 0 0 1 0
0 0 0 0 0 0 0
0 0 0 0 0 0 0
1 40 0 0 0 0 0
2 40 0 0 0 0 1
0 0 0 0 0 0 0
0 0 0 0 0 0 0
1 40 0 0 0 0 0
2 40 0 0 1 0 1
0 0 0 0 0 0 0
0 0 0 0 0 0 0
1 43 0 0 0 0 0
2 43 0 0 0 0 1
0 0 0 0 0 0 0
0 0 0 0 0 0 0
1 40 0 0 0 0 0
2 40 1 0 0 0 1
0 0 0 0 0 0 0
0 0 0 0 0 0 0
1 40 0 0 0 0 0
2 40 0 0 0 0 1
0 0 0 0 0 0 0
0 0 0 0 0 0 0
1 43 0 0 0 0 0
2 43 0 0 1 0 1
0 0 0 0 0 0 0
0 0 0 0 0 0 0
0 0 0 0 0 0 0
1 33 1 0 0 0 1
2 33 0 0 0 0 0
2 33 0 0 0 0 0
2 33 1 0 0 0 0
0 0 0 0 0 0 1
0 0 0 0 0 0 0
0 0 0 0 0 0 0
1 40 0 0 0 0 0
2 40 0 0 0 0 1
0 0 0 0 0 0 0
0 0 0 0 0 0 0
1 40 0 0 0 0 0
2 40 0 0 1 0 1
0 0 0 0 0 0 0
0 0 0 0 0 0 0
1 43 0 0 0 0 0
2 43 0 0 0 0 1
0 0 0 0 0 0 0
0 0 0 0 0 0 0
1 40 0 0 0 0 0
2 40 1 0 0 0 1
0 0 0 0 0 0 0
0 0 0 0 0 0 0
1 37 1 0 0 0 0
2 37 0 0 0 0 1
0 0 0 0 0 0 0
0 0 0 0 0 0 0
1 40 1 0 0 0 0
2 40 0 0 1 0 1
0 0 0 0 0 0 0
0 0 0 0 0 0 0
1 42 0 0 0 0 0
2 42 0 0 1 0 1
0 0 0 0 0 0 0
0 0 0 0 0 0 0
0 0 0 0 1 0 0
1 33 1 0 0 1 0
2 33 0 0 0 0 0
2 33 0 0 0 0 0
2 33 0 0 0 0 0
0 0 0 0 0 0 0
0 0 0 0 0 0 0
0 0 0 0 0 0 0
1 40 0 0 0 0 0
2 40 0 0 1 0 1
0 0 0 0 0 0 0
0 0 0 0 0 0 0
1 43 0 0 0 0 0
2 43 0 0 0 0 1
0 0 0 0 0 0 0
0 0 0 0 0 0 0
0 0 0 0 1 0 0
1 49 1 0 0 0 1
2 49 0 0 0 0 0
2 49 0 0 0 0 0
2 49 0 0 0 0 0
2 49 0 0 0 0 1
2 49 0 0 0 0 0
2 49 0 0 0 0 0
2 49 1 0 0 0 0
2 49 0 0 1 0 1
0 0 0 0 0 0 0
0 0 0 0 0 0 0
0 0 1 1 0 0 0
0 0 1 1 0 0 0
0 0 0 0 0 0 0
0 0 0 0 0 0 0
0 0 1 1 0 0 0
1 33 1 0 0 1 0
2 33 0 0 0 0 0
2 33 0 0 0 0 0
2 33 0 0 0 0 0
0 0 0 0 0 0 1
0 0 0 0 0 0 0
0 0 0 0 0 0 0
1 40 0 0 0 0 0
2 40 0 0 1 0 1
0 0 0 0 0 0 0
0 0 0 0 0 0 0
1 43 0 0 0 0 0
2 43 0 0 0 0 1
0 0 0 0 0 0 0
0 0 0 0 0 0 0
0 0 0 0 0 0 0
1 48 1 0 0 0 1
2 48 0 0 0 0 0
2 48 0 0 0 0 0
2 48 0 0 0 0 0
2 48 0 0 1 0 0
2 48 0 0 0 0 0
2 48 0 0 0 0 0
2 48 1 0 0 0 0
2 48 0 0 1 0 0
0 0 0 0 0 0 0
0 0 0 0 0 0 0
0 0 1 1 0 0 0
0 0 1 1 0 1 0
0 0 0 0 0 0 0
0 0 0 0 0 0 0
0 0 1 1 0 1 0
1 33 1 0 0 1 0
2 33 0 0 0 0 0
2 33 0 0 0 0 0
2 33 0 0 0 0 0
0 0 0 0 0 0 1
0 0 0 0 0 0 0
0 0 0 0 0 0 0
1 40 0 0 0 0 0
2 40 0 0 1 0 1
0 0 0 0 0 0 0
0 0 0 0 0 0 0
1 43 0 0 0 0 0
2 43 0 0 0 0 1
0 0 0 0 0 0 0
0 0 0 0 0 0 0
0 0 0 0 0 0 0
1 49 1 0 0 0 1
2 49 0 0 0 0 0
2 49 0 0 0 0 0
2 49 0 0 0 0 0
2 49 0 0 0 0 1
2 49 0 0 0 0 0
2 49 0 0 0 0 0
2 49 0 0 0 0 0
2 49 0 0 1 0 1
0 0 0 0 0 0 0
0 0 0 0 0 0 0
0 0 1 0 0 0 0
0 0 0 0 0 0 1
0 0 0 0 0 0 0
0 0 0 0 0 0 0
0 0 0 0 0 0 0
1 51 1 0 0 0 1
2 51 0 0 0 0 0
2 51 0 0 0 0 0
2 51 0 0 0 0 0
2 51 0 0 1 0 1
2 51 0 0 0 0 0
2 51 0 0 0 0 0
2 51 1 0 0 0 0
2 51 0 0 0 0 1
0 0 0 0 0 0 0
0 0 0 0 0 0 0
0 0 0 0 1 0 0
0 0 0 0 0 0 1
0 0 0 0 0 0 0
0 0 0 0 0 0 0
0 0 1 0 0 0 0
0 0 0 0 1 0 1
0 0 0 0 0 0 0
0 0 0 0 0 0 0
0 0 0 0 0 0 1
0 0 0 0 1 0 0
0 0 0 0 0 0 0
0 0 0 0 0 0 0
0 0 1 1 0 0 0
0 0 1 1 0 0 0
0 0 0 0 0 0 0
0 0 0 0 0 0 0
0 0 1 1 0 0 0
0 0 1 1 0 0 0
0 0 0 0 0 0 0
0 0 0 0 0 0 0
0 0 0 0 0 0 0
0 0 1 0 1 1 0
0 0 0 0 0 0 0
0 0 0 0 0 0 0
0 0 0 0 0 0 0
0 0 0 0 0 0 0
0 0 0 0 0 0 0
0 0 0 0 0 0 0
0 0 0 0 0 0 0
0 0 0 0 0 0 0
0 0 0 0 0 0 0
0 0 0 0 0 0 0
0 0 0 0 0 0 0
0 0 0 0 0 0 0
0 0 0 0 0 0 0
0 0 0 0 0 0 0
0 0 0 0 0 0 0
0 0 0 0 0 0 0
0 0 0 0 0 0 0
0 0 0 0 0 0 0
0 0 0 0 0 0 0
0 0 0 0 0 0 0
0 0 0 0 0 0 0
0 0 0 0 0 0 0
0 0 0 0 0 0 0
0 0 0 0 0 0 0
0 0 0 0 0 0 0
0 0 0 0 0 0 0
0 0 0 0 0 0 0
0 0 0 0 0 0 0
0 0 0 0 0 0 0
0 0 0 0 0 0 0
0 0 0 0 0 0 0
0 0 0 0 0 0 0
0 0 0 0 0 0 0
0 0 0 0 0 0 0
0 0 0 0 0 0 0
0 0 0 0 0 0 0
0 0 0 0 0 0 0
0 0 0 0 0 0 0
0 0 0 0 0 0 0
0 0 0 0 0 0 0
0 0 0 0 0 0 0
0 0 0 0 0 0 0
0 0 0 0 0 0 0
0 0 0 0 0 0 0
0 0 0 0 0 0 0
0 0 0 0 0 0 0
0 0 0 0 0 0 0
0 0 0 0 0 0 0
0 0 0 0 0 0 0
0 0 0 0 0 0 0
0 0 0 0 0 0 0
0 0 0 0 0 0 0
0 0 0 0 0 0 0
0 0 0 0 0 0 0
0 0 0 0 0 0 0
0 0 0 0 0 0 0
0 0 0 0 0 0 0
0 0 0 0 0 0 0
0 0 0 0 0 0 0
0 0 0 0 0 0 0
0 0 0 0 0 0 0
0 0 0 0 0 0 0
0 0 0 0 0 0 0
0 0 0 0 0 0 0
0 0 0 0 0 0 0
0 0 0 0 0 0 0
0 0 0 0 0 0 0
0 0 0 0 0 0 0
0 0 0 0 0 0 0
0 0 0 0 0 0 0
0 0 0 0 0 0 0
0 0 0 0 0 0 0
0 0 0 0 0 0 0
0 0 0 0 0 0 0
0 0 0 0 0 0 0
0 0 0 0 0 0 0
0 0 0 0 0 0 0
0 0 0 0 0 0 0
0 0 0 0 0 0 0
0 0 0 0 0 0 0
0 0 0 0 0 0 0
0 0 0 0 0 0 0
0 0 0 0 0 0 0
0 0 0 0 0 0 0
0 0 0 0 0 0 0
0 0 0 0 0 0 0
0 0 0 0 0 0 0
0 0 0 0 0 0 0
0 0 0 0 0 0 0
0 0 0 0 0 0 0
0 0 0 0 0 0 0
0 0 0 0 0 0 0
0 0 0 0 0 0 0
0 0 0 0 0 0 0
0 0 0 0 0 0 0
0 0 0 0 0 0 0
