0.0 0.0 0.0 -1.4472197761246006 -0.6990587960659624 0.0 0.0 0.0 0.0 1.3603214465800701 0.0 0.484600209823406 0.0 0.0 0.0 0.0 0.0 0.0 0.0 0.0 0.0 0.0 0.0 0.0 0.0 0.0 0.0 0.0 0.0 0.0 0.0 0.0 0.0 0.0 0.0 0.0 0.0 0.0 0.0 0.0 0.0 0.0 0.0 0.0 -1.4420066511356975 0.0 0.0 0.0 0.0 0.0 0.0 0.0 0.0 0.0 0.0 0.0 0.0 0.0 0.0 0.0 0.0 0.0 0.0 0.0 0.0 -0.27829312125025074 0.6585551941232857 0.0 0.0 0.0 0.0 0.0 0.0 0.0 0.0 0.0 0.0 0.0 0.0 0.0 0.0 0.0 0.0 0.0 0.0 0.0 -1.0484796781455483 0.0 0.0 0.0 0.0 0.0 0.0 -0.3863126674029528 0.0 0.0 0.0 0.0 0.0 0.4390918575852685
0.0 0.0 0.0 0.0 0.0 0.0 0.0 0.0 0.0 0.0 0.0 0.0 0.0 0.0 -1.3814179595549596 0.0 0.0 0.0 0.0 0.0 1.1400875655357186 0.0 0.0 0.0 0.0 0.0 -0.24768968229721539 0.0 0.0 0.0 0.0 0.0 0.0 0.0 0.0 0.0 0.0 0.0 0.0576849770981854 0.0 0.0 0.0 0.0 0.0 0.0 0.0 0.0 0.0 0.0 0.0 0.0 0.0 0.2970377476413763 0.0 0.0 -0.3563408574560925 0.0 0.0 0.0 0.0 0.0 0.0 0.0 0.0 0.0 0.0 0.0 0.0 0.0 0.0 1.263649224495694 0.0 0.0 0.0 0.0 0.30650190947615197 0.0 0.0 0.0 0.0 0.0 0.0 0.0 0.0 0.0 0.0 0.0 0.0 0.0 0.0 -0.9898769474439505 0.0 0.0 0.0 0.0 0.0 0.503239512891569 0.0 0.0 0.0
0.0 0.0 0.0 1.1739595816112285 0.0 0.0 0.0 0.0 0.0 0.0 0.0 0.0 0.0 0.0 0.0 0.0 0.0 0.0 0.0 0.0 0.0 0.0 0.0 0.0 0.0 0.0 0.0 0.0 0.0 0.0 0.0 0.18502046068189174 0.0 0.0 0.0 0.0 0.0 0.0 0.0 0.0 -0.057747215130142304 0.0 0.0 0.0 0.0 0.0 0.0 0.0 0.0 0.0 0.0 0.0 0.0 0.0 0.0 0.0 0.4578990972584541 0.0 0.0 0.0 0.0 0.0 0.0 0.09228621848240853 0.0 0.0 0.0 0.0 0.0 0.4407601295350809 0.0 0.0 0.0 0.0 0.0 0.0 0.0 0.22085097435060985 0.0 0.0 -0.17980819281357285 0.0 -0.41257308694081274 0.0 0.0 0.0 0.0 0.0 0.0 -0.2912485719208481 0.0 0.0 0.0 0.0 0.0 0.0 0.0 0.0 0.0 0.0
0.0 0.0 0.0 0.0 0.0 0.0 0.0 0.0 0.0 0.0 0.0 0.0 0.0 0.0 0.0 0.0 0.0 0.0 -1.3893134149482755 0.0 -1.4183164489734252 0.0 -0.3318515357641627 0.0 0.0 0.0 0.0 0.0 0.0 0.0 -0.0711183837312611 0.0 0.0 0.0 0.0 0.7558246410743321 0.0 0.37486788239358104 0.0 0.0 0.0 0.0 0.0 0.0 0.0 0.0 0.0 0.0 0.0 0.0 0.0 1.0981198219826793 0.0 0.0 0.0 0.0 0.0 0.0 0.0 0.0 0.0 0.0 0.0 0.0 0.0 0.0 0.0 0.0 0.0 0.0 0.0 0.0 0.0 0.0 0.0 1.2042176338098285 0.0 -0.6923055976378296 0.0 0.0 0.0 0.0 0.0 0.0 0.0 0.0 0.0 0.0 0.0 0.0 -0.12980054548524902 0.0 0.0 0.0 0.0 0.0 0.0 0.0 0.0 0.0
-0.46994242680037956 0.0 0.0 0.7612530156961279 0.0 0.0 0.0 0.0 0.0 0.0 0.0 0.0 0.0 0.0 1.4297298715473215 0.0 0.0 0.0 0.0 0.36870269247507476 0.0 0.0 0.0 -1.3851500477685343 0.0 0.0 0.0 0.0 0.0 0.0 0.0 0.0 0.0 0.0 0.0 0.0 0.0 0.0 0.0 0.0 0.0 0.0 0.0 1.4437903506204077 0.0 0.0 0.0 0.0 0.0 0.0 1.1329118322546408 0.0 0.0 0.0 0.0 0.0 0.0 0.0 0.0 0.0 0.0 0.0 0.0 0.0 0.0 0.2505589891875463 0.0 0.0 0.0 0.0 0.0 0.0 0.0 0.0 0.0 0.0 0.0 0.0 0.0 0.0 0.0 -1.1279627442830904 0.0 0.0 0.0 0.0 0.0 0.0 0.0 0.0 0.0 -1.3192599352131436 0.0 0.0 0.0 0.0 0.0 0.0 0.0 0.0
0.0 0.0 0.0 0.0 0.0 0.0 0.0 0.0 0.0 -0.8832190584984987 0.0 0.0 0.0 0.0 0.0 0.0 0.0 0.0 0.0 0.0 0.0 0.0 0.0 0.0 0.0 0.0 0.0 0.0 0.0 0.0 0.21620616791982122 0.0 0.0 0.0 0.0 -1.303813394913794 -1.079675190245484 0.0 0.0 -1.4686216651252637 0.0 0.0 0.0 0.0 0.0 0.0 0.0 0.0 0.0 0.0 0.0 0.0 0.0 0.0 0.0 0.0 0.0 0.0 0.0 0.0 0.0 0.0 0.0 0.0 0.0 0.0 0.0 0.0 0.0 0.0 -0.0537999567552679 0.0 0.0 1.3454472910938562 0.0 0.0 0.8409999854591971 0.0 0.0 0.0 0.0 0.0 0.0 0.0 0.0 0.0 0.0 0.0 0.0 0.0 0.0 -0.46953531816386795 0.0 0.0 0.0 -1.2111887095975034 0.0 0.0 0.0 0.0
0.0 0.0 0.0 0.0 0.0 0.0 0.0 0.0 0.0 0.0 0.0 0.0 0.0 0.0 0.0 0.4011611434688218 0.0 0.0 0.0 0.0 0.0 0.0 0.0 0.0 0.0 0.0 0.6581061475885066 0.0 0.0 0.0 0.0 0.0 0.0 0.0 0.0 0.0 0.0 0.0 0.0 -0.8822658325261612 0.0 0.0 0.0 0.0 0.0 0.0 0.0 0.7108219077455296 0.0 0.0 1.2472459653135815 -1.123445435263575 0.0 0.0 0.0 0.0 0.0 0.0 -0.8002982954157285 0.0 0.0 0.0 0.0 0.0 1.257402512217486 0.0 0.0 0.0 0.0 0.0 0.3749569226631725 0.0 0.0 0.0 0.0 0.0 0.0 0.0 0.0 0.0 0.0 0.0 -0.9767290616238276 0.0 0.0 0.0 0.0 0.0 0.0 0.0 0.0 0.0 0.0 0.0 0.0 0.0 0.0 0.0 0.0 0.0
0.0 0.0 0.4928588478405015 0.0 0.0 0.0 0.0 0.0 0.0 0.0 0.0 0.0 0.0 0.0 0.0 -0.7461337041718953 0.0 0.0 0.0 0.0 0.0 0.0 0.0 0.0 -1.4712185543249976 0.0 1.1117866589740841 0.0 0.0 0.0 0.0 1.4594706091136063 -0.3833016742938335 0.0 0.0 0.0 0.0 0.0 0.0 0.0 0.0 0.0 0.0 0.0 0.0 0.0 0.0 0.0 0.0 0.0 0.0 0.0 0.0 0.0 0.0 0.0 0.0 0.0 0.0 0.0 0.0 0.0 0.0 0.0 0.0 0.0 0.0 0.0 0.0 0.0 0.0 0.0 0.0 -0.8093912811319408 0.0 0.0 0.0 0.0 0.0 0.0 1.4128643532685587 -0.7801610962764869 0.0 0.0 0.0 0.0 0.0 0.0 0.0 0.0 0.0 0.0 0.0 0.0 0.0 0.0 0.0 0.0 0.0 1.008930148741344
0.0 0.0 0.0 0.0 0.0 0.0 0.0 0.0 0.0 0.0 0.0 0.0 0.0 0.0 0.0 0.0 0.24678276615340908 0.09836973564301024 0.0 0.0 0.0 0.0 0.0 0.0 0.0 0.0 0.0 0.0 0.0 0.0 0.0 0.0 0.0 -0.9234554091913194 0.0 0.0 0.35783586526958794 0.0 0.0 -1.0174412423681736 0.0 0.0 0.5186668104997872 0.0 0.0 0.0 0.0 0.0 0.0 0.0 0.0 0.0 0.0 0.0 0.0 0.0 0.0 0.0 0.0 0.0 0.0 0.0 0.0 0.0 0.0 0.0 0.0 0.0 0.0 0.0 0.0 0.0 0.0 0.0 1.309979452043571 0.0 0.0 -0.9313706852105298 0.0 0.0 0.0 0.0 0.07039129687818187 0.0 -0.06347571837338634 0.0 0.0 0.0 0.0 0.0 0.0 0.0 0.0 0.0 0.0 0.0 0.0 0.0 0.0 0.0
0.0 0.0 0.0 0.0 0.0 0.0 0.0 0.0 0.0 0.0 0.0 0.2919687393441658 0.0 0.0 0.0 0.0 0.0 0.0 0.0 0.0 0.0 0.0 -0.17560700124710527 0.0 0.0 0.0 0.0 0.0 -0.4056853307195997 0.0 0.0 0.0 0.0 0.0 0.0 0.0 0.0 0.0 0.0 0.0 0.44302629864275755 0.0 0.0 0.0 0.0 0.0 0.0 0.0 0.0 0.0 -0.47702458067160136 -0.3013036111127242 0.0 0.0 0.0 0.0 0.0 0.0 0.0 0.0 0.0 0.0 0.0 0.0 0.0 0.0 0.0 0.0 0.0 0.0 0.0 0.0 0.0 0.0 0.0 0.0 0.0 0.0 0.0 0.0 0.35723828979558864 0.0 0.0 0.0 0.0 0.8312972188878308 0.0 0.0 0.0 0.0 1.236549994227147 0.0 0.0 0.0 0.0 0.0 0.0 0.0 -0.7168945989517994 0.0
0.0 0.0 0.0 0.0 0.0 0.0 -1.0938360230683875 0.0 0.0 0.6751731614340344 0.0 0.0 0.0 0.0 0.0 0.0 0.0 0.0 1.3944957868969579 0.0 0.0 0.0 0.0 -1.0556803430438677 0.0 0.0 0.0 0.0 0.0 0.0 0.0 0.0 0.0 0.0 0.0 0.0 0.9719054787841839 0.0 0.0 0.0 0.0 -0.8427710854980561 0.0 0.0 0.0 0.09904355844955887 0.0 0.0 -0.5411581045606941 0.0 0.0 0.0 0.0 -1.4548201469563875 0.0 0.0 0.0 0.0 0.0 0.0 0.0 0.0 0.0 0.0 0.0 0.0 0.0 0.0 0.0 0.0 0.0 0.0 0.0 -0.8782398905037141 0.0 0.0 0.0 0.0 0.0 0.0 0.0 0.0 0.0 0.0 0.0 0.0 0.0 0.0 0.0 0.0 0.0 0.0 0.0 0.0 0.0 0.0 0.0 0.0 0.0 0.0
0.10766972493352789 0.0 0.0 0.0 0.0 0.0 0.0 0.0 0.0 0.0 0.0 0.0 0.0 0.0 0.0 0.0 0.0 0.0 0.0 0.0 0.0 0.0 0.0 0.0 0.0 0.0 -0.868423164684567 0.0 0.0 0.0 0.0 0.0 0.0 0.0 0.0 0.0 1.4013680732499112 0.0 0.0 0.0 0.0 -0.7891437025904965 0.0 0.0 0.0 0.0 0.0 -1.1900152848856662 0.0 0.0 0.0 0.0 0.0 0.0 0.0 0.0 0.0 0.0 0.0 0.0 0.0 0.0 0.0 0.0 0.0 0.0 0.0 0.0 0.0 0.0 0.0 0.0 0.0 0.0 1.4510621792230658 0.0 0.14624088819049352 0.0 0.0 0.0 0.0 0.0 0.0 0.0 0.0 -0.037036162022197255 0.0 0.0 0.9194646566887528 0.0 0.0 0.0 0.0 0.0 0.0 0.0 0.0 0.0 0.0 -1.4876699642254987
0.0 0.0 0.0 0.0 0.0 0.0 0.0 0.0 0.0 0.0 0.0 0.0 0.0 -0.6317392035383775 0.0 0.0 0.0 1.3053377573610274 0.0 0.0 0.0 0.0 0.0 0.0 -0.4931642116871161 0.0 0.4771437521263553 0.0 0.0 0.0 0.0 0.0 0.25132800622335427 0.0 0.0 0.0 0.0 0.0 1.4635536944320613 0.0 0.0 0.0 0.0 0.0 0.0 0.0 0.0 0.0 0.0 0.0 0.0 0.0 -1.1340322746779583 0.0 0.0 0.0 0.0 0.0 0.0 0.0 0.0 0.0 0.0 0.0 0.0 0.0 0.0 0.0 0.0 0.7564392964219058 0.0 0.0 0.0 0.0 0.0 0.0 0.9506667334648395 0.0 0.0 0.0 0.0 0.0 0.0 0.0 0.0 0.0 0.0 0.0 0.0 0.0 0.0 0.0 0.0 0.0 0.3106633218474817 0.0 0.0 0.0 0.0 0.0
0.0 0.0 0.0 0.0 0.0 0.4971572479345884 0.0 0.0 0.0 0.0 -1.1043716695618693 0.0 0.0 0.0 0.0 0.0 0.0 0.0 0.0 0.0 0.0 0.0 0.0 0.0 0.0 0.0 0.0 0.0 0.0 0.0 0.0 0.0 0.0 0.0 0.0 0.0 0.0 -1.435983182610636 0.0 0.0 -1.518897090392828 0.0 0.0 0.0 -0.8623026143692458 0.0 0.0 0.0 0.0 0.0 0.0 0.0 0.0 0.0 0.0 0.0 0.0 0.0 0.0 0.0 0.0 0.8550114521588379 0.0 -1.015753446853796 -0.9807251900267149 0.0 -0.3495185839115095 0.0 0.0 0.0 0.0 0.0 0.0 0.0 0.0 0.0 0.0 0.0 0.0 0.0 0.4371575197014622 0.0 0.0 0.0 0.0 0.0 0.0 0.0 0.0 0.0 0.0 0.0 0.0 0.0 0.0 0.0 0.0 0.0 0.0 0.0
0.0 0.4785968731062722 0.0 0.0 0.0 0.0 1.392336098173164 -1.0400772314717113 0.0 0.0 0.0 0.8096175127260286 0.0 0.0 0.0 0.0 0.0 0.0 0.0 0.0 0.0 0.0 0.0 0.0 0.0 0.0 0.0 0.0 -0.6641679537850859 0.0 0.0 0.0 0.0 0.0 0.0 0.0 0.0 0.0 0.0 0.336104994141662 -1.31435851140962 -1.350654737671582 0.0 0.0 0.0 0.0 0.0 0.0 0.0 0.0 0.0 0.0 0.0 0.0 0.0 0.0 0.0 0.0 0.0 0.0 0.0 0.0 0.0 0.0 0.0 0.0 0.0 0.0 0.0 0.0 0.0 0.0 0.7665076637912867 0.0 -1.1118997308749408 0.0 0.0 0.0 0.0 0.0 0.0 0.0 0.0 0.0 0.0 0.0 0.0 0.0 0.0 0.0 0.0 0.0 0.0 0.0 0.0 0.0 0.0 0.0 0.0 0.0
0.0 0.0 0.0 0.0 0.0 0.0 0.0 0.0 0.7829017581223263 0.0 0.0 0.0 0.8294364053021623 0.0 0.0 0.0 0.0 0.0 0.0 0.0 0.0 0.0 0.0 0.0 0.0 0.0 0.0 0.0 0.0 1.1299894803443165 -0.1486838531502012 0.0 0.0 0.0 0.0 0.0 0.0 0.0 0.0 0.0 0.0 0.0 1.4788589202055098 0.0 0.0 0.0 1.1574432671614918 0.0 0.0 0.0 0.0 0.0 0.0 0.0 0.0 0.0 0.0 0.0 1.1521016465447833 0.0 0.0 0.0 0.0 0.0 0.0 0.05911250042190801 -0.8998933373439423 0.0 0.0 0.0 0.0 0.0 0.0 0.0 0.0 0.0 0.0 0.0 0.0 0.0 0.0 0.0 0.0 0.0 0.0 -0.7964779205057543 0.0 0.0 0.0 0.0 0.0 0.0 0.0 0.0 0.0 0.0 0.0 0.0 0.0 0.0
0.0 0.0 0.0 0.0 0.0 0.0 0.0 0.0 0.0 0.7308197948330623 0.0 0.0 0.0 -0.24357866272810103 0.0 0.0 0.0 0.0 0.0 0.0 0.0 -0.9414268514933255 0.0 0.0 0.0 0.0 0.0 0.0 0.668023808617053 0.0 0.0 0.0 0.0 0.0 0.0 0.0 0.0 0.0 0.0 0.0 0.0 0.0 0.0 0.0 0.0 0.0 0.0 0.0 0.0 0.0 0.0 0.0 0.0 -1.1802362826084585 0.0 0.0 0.0 0.0 -0.19666055318956843 0.0 0.0 0.0 0.0 0.0 0.0 0.0 0.0 0.0 0.0 0.0 0.0 0.0 0.0 0.0 0.0 1.2360471164256839 0.0 0.3469367822654757 -0.7795736554809756 0.0 0.0 0.0 0.0 0.0 0.0 0.0 0.0 0.0 0.0 0.0 0.0 0.0 0.0 0.0 0.0 0.0 0.0 0.0 -1.2587965922793805 0.0
0.0 -1.3778293809179185 0.0 0.0 0.0 0.0 0.0 0.0 0.0 0.0 0.0 0.0 0.0 0.0 0.0 0.0 0.0 0.0 0.0 0.0 0.0 0.0 0.0 0.0 0.0 0.0 0.0 0.0 0.0 0.0 1.1962317988576046 0.0 0.0 0.0 0.0 0.0 0.0 0.0 0.0 0.0 0.0 0.0 0.51167988739444 0.0 0.0 0.0 0.0 0.0 0.0 0.7415589729053432 0.0 0.0 0.0 0.0 0.0 -0.6182743754506732 0.0 0.0 0.0 0.0 0.0 -0.6100983865614485 0.0 0.0 0.0 0.0 0.0 0.0 0.0 0.0 0.0 0.0 0.0 0.0 0.0 0.0 0.0 0.0 0.0 -0.9595096823843516 0.0 0.0 1.0741436777328544 0.0 0.0 0.0 0.0 0.0 0.0 0.0 0.0 0.0 0.0 0.0 0.0 0.0 0.2842566821029764 1.2285310624702415 0.0 0.0
0.0 0.0 0.0 0.0 0.21969495140004913 0.0 0.0 0.0 0.0 0.0 0.0 0.0 0.0 0.0 0.0 0.0 0.0 0.0 0.0 0.0 0.0 0.0 0.0 0.0 0.0 0.0 0.0 0.0 0.0 0.0 0.0 0.0 0.0 0.0 0.0 0.0 0.0 0.0 0.0 0.0 0.0 -1.1775066317747132 0.03862717336784534 0.0 0.0 0.0 0.0 0.0 0.0 0.0 0.0 0.0 0.9226620108431185 0.0 0.0 0.0 0.0 0.0 0.0 0.0 0.0 0.0 0.0 0.0 0.0 0.0 0.0 0.0 0.0 0.0 0.0 0.0 0.0 0.0 0.0 0.0 0.0 1.3165287779450316 -0.6297059989916496 -1.25906096616642 0.0 -0.314027779737094 0.0 0.0 0.0 0.0 0.0 0.0 0.0 0.0 0.0 0.3569660907735007 0.0 0.0 -0.4719546757562297 0.0 0.0 0.0 0.0 0.0
0.0 0.0 0.0 0.0 0.0 0.0 0.0 0.0 0.0 0.0 0.0 0.0 0.0 0.0 0.0 0.0 0.0 0.0 0.0 0.0 -0.3928286064566766 0.0 0.0 1.27042861057788 0.0 0.0 0.0 0.0 0.0 0.0 -0.5523219270333894 0.0 0.0 0.0 0.0 0.0 0.25064524179276076 0.0 0.0 0.0 0.0 -0.3825206985248244 0.0 0.5744956385784206 0.0 0.0 0.0 0.0 0.0 0.0 0.0 0.0 0.0 0.0 0.0 0.0 0.0 0.0 0.6268844767910933 0.0 0.0 0.0 0.0 0.0 0.30820128075359654 0.0 0.0 0.0 0.0 0.0 0.0 0.0 0.0 1.0903000628663466 0.0 0.0 0.0 -0.21044391561266984 0.0 0.0 0.0 0.0 0.0 0.0 0.0 0.0 0.0 0.0 0.0 0.0 0.0 0.0 0.0 0.0 0.0 0.0 0.0 0.0 0.0 0.0
0.0 0.0 0.0 0.0 0.0 0.0 0.0 0.0 0.0 0.0 0.0 0.0 0.0 0.0 0.0 -1.0733873952366726 0.0 0.0 0.0 0.0 0.0 0.0 0.0 0.6430420534784987 0.0 0.0 0.0 0.0 0.0 0.0 0.0 0.0 0.0 0.0 0.0 0.0 0.0 0.0 0.0 1.0750398777608872 -0.5311103711634204 0.0 0.0 0.8919733944380012 0.0 0.0 0.0 0.0 0.0 0.0 0.0 -1.1209917153782374 0.0 0.0 0.0 0.0 0.0 0.0 0.0 0.0 -0.6083594733302512 0.0 0.0 0.0 0.0 0.0 0.0 0.0 0.0 0.0 0.0 0.0 0.0 0.0 0.0 0.703823878267537 0.0 0.0 0.0 0.0 0.0 0.0 0.0 0.0 0.0 0.0 0.0 0.0 0.0 -0.11756260765042656 0.0 0.0 0.0 0.0 0.0 0.0 0.0 0.0 1.2408738933682977 0.0
0.0 0.0 0.0 0.0 0.0 0.680440509233539 0.0 0.0 0.0 0.0 0.0 0.0 0.0 0.14981110449722357 0.0 0.0 0.0 0.0 0.0 0.0 0.0 0.0 0.0 0.0 0.0 0.0 0.0 0.0 0.0 0.0 0.0 0.0 0.0 0.5714504831122702 0.0 0.23491691506295237 0.0 0.0 0.0 0.0 0.0 0.0 0.0 0.0 0.0 0.0 0.0 0.0 0.0 0.0 0.0 0.0 0.0 0.0 0.0 0.0 0.0 0.0 0.0 0.0 0.0 0.0 0.0 0.0 0.0 0.0 0.0 0.0 0.0 0.0 0.0 0.0 -0.5911373966534599 0.0 0.0 0.0 0.0 0.0 0.0 0.0 0.0 0.0 0.0 0.0 0.0 0.6030100419561639 0.0 0.40277605957226886 0.0 -1.4499272354515647 0.0 -0.30766962764024386 0.0 0.0 0.0 0.0 -0.6698170528112293 0.0 0.0 0.0
1.0497033449598756 -1.1708461730159256 1.3117025515844074 0.0 0.0 0.0 1.3507722499029913 0.0 0.0 0.0 0.0 0.0 0.0 0.0 0.0 0.0 0.0 0.0 0.0 0.0 0.0 0.0 0.0 0.0 0.0 0.0 0.0 0.0 0.0 0.0 0.0 0.0 0.0 0.0 0.0 0.0 0.0 0.0 0.0 0.0 0.0 0.0 0.5340473522208299 0.0 0.0 0.0 1.3304560673644987 0.0 0.0 0.0 0.0 0.0 0.0 0.0 0.0 0.0 0.0 -1.395670858013275 0.19707069493448542 0.0 0.0 0.0 0.0 0.0 0.0 0.0 0.0 0.0 0.0 0.0 -0.3741023832555928 0.0 0.0 0.0 0.0 0.0 0.0 0.0 0.0 0.0 0.0 0.0 0.0 0.0 0.0 0.0 -0.23666966967314293 0.0 0.0 0.0 0.0 0.0 0.0 0.0 0.0 0.0 0.0 0.0 0.0 0.0
0.0 0.0 0.0 0.0 0.20763168450093422 0.0 0.0 0.0 0.0 0.0 0.0 0.0 0.0 0.0 0.0 0.0 0.0 0.0 -0.4823814246635979 0.0 0.0 0.0 0.0 0.0 0.0 0.0 0.1475293439760816 0.0 0.0 0.0 0.0 0.21542897907731082 0.0 0.0 0.0 0.0 0.0 0.0 0.49705156563333036 0.0 0.0 0.0 0.728853806828538 0.0 0.0 0.0 0.0 0.0 0.0 0.0 0.0 0.0 0.0 0.0 0.0 0.0 0.0 0.0 -0.511972467974455 0.0 0.0 0.43256771132514815 0.0 -0.84384152468241 0.0 0.0 0.0 0.0 0.0 0.0 0.0 0.0 0.0 0.0 0.0 0.0 0.0 0.0 0.0 0.0 0.0 0.0 0.0 0.0 0.0 0.0 0.0 0.0 0.0 0.0 0.0 0.0 0.0 0.0 0.0 0.0 0.0 0.0 0.0 -0.1966539330232267
0.0 0.0 0.0 0.0 0.0 0.0 -0.9876686965434442 0.0 0.0 0.0 0.0 0.0 0.0 0.0 0.0 -0.8564834646597732 0.0 0.0 0.0 0.0 0.0 0.0 0.0 0.0 0.0 0.0 0.0 0.0 0.0 0.0 0.0 0.0 0.0 0.0 0.0 0.0 0.0 0.0 0.7078018744617309 0.0 0.0 0.0 0.0 0.0 0.0 0.06872942696002582 0.0 0.0 0.0 0.0 0.0 0.0 0.0 0.0 0.0 0.0 0.0 0.0 0.0 0.0 0.0 0.0 1.278820684979681 -0.8722189835220453 0.0 -0.12513096683334504 0.0 0.0 0.0 0.0 0.0 0.0 0.0 0.0 0.0 0.0 0.0 0.0 0.0 0.0 -1.4813602102206094 1.0044002786465758 -1.4848988189339531 0.0 0.0 0.0 0.0 0.0 0.0 0.0 0.0 0.0 0.0 0.0 0.0 0.0 0.0 0.0 0.0 0.0
0.0 0.0 0.0 0.0 0.0 0.1357096027217929 0.0 0.0 0.0 0.0 0.0 -0.6229797891840101 0.0 0.0 -1.4245843102907 0.0 0.0 0.0 0.2860280291058657 0.0 -0.9011752093959482 0.0 0.0 1.1858183543948777 0.0 0.0 0.0 0.0 0.0 0.0 0.0 0.0 0.0 0.0 0.0 0.0 0.0 -0.7461259231482952 0.0 0.0 0.0 0.0 0.0 0.0 0.0 0.0 0.0 0.0 0.0 0.4148286791988748 0.0 0.0 0.0 0.0 0.0 0.0 0.0 0.0 0.0 0.0 0.0 0.0 0.8022854623098341 0.0 0.0 0.0 0.0 0.0 0.0 0.0 0.0 0.0 0.0 0.0 0.0 0.0 0.0 0.0 0.0 0.0 0.0 0.0 0.0 0.0 0.9854009690796389 0.0 0.0 0.0 0.0 0.0 0.0 0.0 0.0 0.0 0.0 0.0 0.0 0.0 0.0 0.0
0.0 0.0 0.0 0.0 0.0 0.0 0.0 0.0 0.0 0.0 0.0 0.0 0.0 0.0 0.0 0.0 0.0 0.0 -1.430535608900465 0.0 0.0 0.0 0.0 0.0 0.0 0.0 0.0 0.0 0.5035734667638285 0.0 0.0 0.0 0.0 0.0 0.0 0.0 0.0 0.0 0.0 0.0 0.0 0.0 0.0 0.8071971407316486 0.0 0.0 0.0 0.0 0.0 -1.0911148724610862 0.0 0.0 0.0 0.0 0.0 -1.0449008161776154 0.0 -1.1621505720584373 0.5215918096014829 0.0 0.0 0.0 0.0 0.0 -1.3663871488853494 0.0 0.0 0.0 0.0 0.0 0.0 0.0 0.0 0.0 0.0 0.0 0.0 0.0 0.0 0.0 0.0 -0.8739378223218681 0.0 0.0 0.0 0.0 -0.19721317931444227 0.0 0.0 0.0 0.0 0.0 0.0 0.0 0.0 0.0 0.0 0.0 0.0 0.0
0.0 0.0 0.0 0.0 0.0 0.0 0.0 0.0 0.0 0.0 0.0 0.0 0.0 0.0 0.0 0.0 0.0 0.0 0.0 0.0 -1.2988554656685347 0.0 0.0 0.0 0.0 0.051196867675404364 0.0 0.0 0.0 0.0 0.7323141390431835 0.0 0.0 0.0 0.0 0.0 0.0 0.0 0.0 0.0 0.0 0.39853954656733526 0.0 0.0 0.3216439450195156 0.0 0.0 0.0 0.0 0.0 0.0 0.0 0.0 -0.9012371462589945 0.0 0.0 0.0 0.0 0.0 0.0 0.0 0.0 0.0 0.0 0.0 0.0 0.0 0.0 0.0 0.0 0.0 0.0 0.0 0.0 0.0 0.250597927965757 0.1512623450540361 0.0 0.0 0.5786848039402275 0.0 0.0 0.0 0.0600833947252644 0.0 0.0 0.0 0.0 0.0 0.0 0.0 0.0 0.0 0.0 0.0 0.0 0.0 0.0 0.0 0.0
0.0 0.0 1.3194462741962394 0.0 0.0 0.0 0.0 0.0 0.0 0.0 0.0 0.5271304365362 0.0 0.13494179043419485 0.0 0.0 0.0 0.0 0.0 0.0 0.0 0.0 0.9302993028053258 0.0 0.0 0.0 0.0 0.0 0.0 0.0 0.0 0.0 -0.913917659500987 0.0 0.0 0.0 -1.2771845042756225 1.3767119683495226 0.0 0.0 0.0 0.0 0.0 0.0 0.0 0.0 0.0 0.0 0.0 0.0 0.0 0.0 0.0 0.0 0.0 0.0 0.0 0.3254526383578201 0.0 0.0 0.0 0.0 0.0 0.0 0.0 0.0 0.0 0.0 0.0 0.0 0.0 0.9848611720271262 0.0 0.0 0.0 0.0 0.0 0.0 0.0 0.0 0.0 0.0 0.0 0.0 0.0 0.0 0.0 0.0 0.0 1.0321491635072613 0.0 0.0 0.0 0.0 0.0 0.0 0.0 0.0 0.0 0.0
0.0 0.0 0.0 0.0 0.0 0.0 0.0 0.0 0.0 0.0 0.0 0.0 0.0 0.0 1.1720635235931693 -0.6222229179978368 0.0 0.0 0.0 0.0 0.0 0.0 0.0 0.0 0.0 0.0 0.0 0.0 0.0 -1.4842235125824303 0.0 0.0 -0.4733016026232969 0.0 0.0 0.0 0.0 0.0 0.0 0.0 0.0 0.0 0.0 0.0 0.0 0.6767196240378118 0.0 0.0 0.0 0.0 0.0 0.0 0.0 0.0 0.0 0.0 0.0 0.0 0.0 0.0 0.0 0.0 0.0 0.0 0.0 0.0 0.0 0.0 0.0 0.0 0.0 -0.12444258340530918 0.0 0.0 0.0 -0.27109858510518525 0.0 0.0 0.0 0.0 0.0 0.0 0.0 0.0 -0.2606626316237052 0.0 0.0 0.0 0.0 0.0 0.0 0.0 -0.3512635704512749 0.0 0.0 0.0 -0.11634909603907298 0.0 0.0 0.0
0.0 0.0 0.0 -0.0632413509149921 0.0 0.0 0.0 -0.6681475702815804 0.0 0.0 0.0 0.0 0.0 0.0 0.0 0.0 0.0 0.0 0.0 0.0 0.0 0.0 0.0 0.0 0.0 0.0 0.0 0.0 0.0 0.0 -0.8905166072835315 0.0 0.0 0.0 0.0 0.0 0.0 0.0 0.0 0.0 1.0609221206610564 0.0 0.0 0.0 0.0 0.0 0.0 0.0 0.0 0.0 0.0 0.0 0.0 0.0 0.0 0.0 0.0 0.0 0.0 0.0 0.0 0.0 0.0 0.0 0.0 0.0 0.0 0.0 0.0 0.0 0.0 0.0 0.0 0.0 0.0 0.0 0.0 0.0 0.0 0.0 0.0 0.0 0.0 0.0 0.0 0.13900101407499926 0.0 0.0 0.0 0.0 -1.3966049078877865 0.0 0.0 1.468850296899851 0.7412184954244394 0.0 -0.15100364594323856 0.0 0.0 -0.970508011755314
0.0 0.0 0.0 0.0 0.0 0.0 0.0 0.0 0.0 0.0 0.0 0.0 0.0 0.0 0.0 0.0 0.0 0.0 0.0 0.0 0.0 0.0 0.0 0.0 0.0 0.0 -0.8622361747981323 0.0 0.0 0.0 0.0 0.0 0.0 0.0 0.0 0.0 0.0 0.0 0.0 0.0 0.0 0.0 0.0 0.0 0.0 0.8344679522499316 0.0 0.0 0.0 0.0 0.0 0.0 0.0 0.0 0.0 0.0 -0.109803404309708 0.0 0.0 0.0 0.0 0.0 0.0 0.0 0.0 0.0 0.0 0.0 0.0 0.0 0.0 -1.0653862750695282 -0.25845220108228534 0.0 0.0 0.0 0.0 0.0 0.0 0.0 0.0 0.0 0.0 0.0 0.8742478974214757 1.4737239706493086 0.0 0.7557239250353139 0.0 0.0 0.0 -0.7196117850620021 0.0 0.0 0.0 0.0 0.0 0.0 0.0 -0.11732654715104639
0.0 0.0 0.0 0.0 0.0 0.0 0.6255223208765583 0.0 0.0 0.0 0.0 0.0 0.0 0.0 0.0 0.0 0.0 0.0 0.0 0.0 0.0 0.0 0.0 0.0 0.0 -1.0483151056280833 0.0 0.0 0.0 0.0 0.0 0.0 0.0 0.0 0.0 0.0 0.0 0.0 0.0 -0.13669219345262082 0.0 0.0 0.0 0.0 0.41451722196099494 0.0 0.0 0.0 0.0 0.0 0.0 0.0 0.0 0.0 0.0 0.0 0.0 0.0 0.0 0.0 0.0 0.5820546229639311 0.0 0.0 0.0 0.0 0.0 0.0 0.0 0.0 0.0 0.0 0.0 0.0 0.0 0.0 0.0 0.0 0.0 0.0 0.0 0.0 0.6011180678672483 0.0 -0.9777264698121775 0.0 -0.6852043663288044 0.0 0.0 0.30279783988925807 0.0 0.0 0.0 0.0 0.4532386295755429 0.0 0.0 0.0 0.0 0.0
-0.4461166488112839 0.0 0.0 -0.602292535405778 0.0 0.0 0.0 0.0 0.0 0.0 0.0 0.0 0.0 0.0 0.0 0.0 0.0 0.0 0.0 0.0 1.214330874453836 0.0 0.0 0.0 0.0 0.0 0.0 0.0 0.0 0.0 0.0 -0.6971643209328838 0.0 0.8440449640409998 0.0 0.0 0.0 0.0 0.0 0.0 0.0 0.0 0.0 0.0 0.0 0.0 0.0 0.0 0.0 0.0 1.4495360930566052 0.0 0.0 0.0 0.0 0.0 0.0 0.0 0.0 0.0 0.0 0.0 0.0 1.4841629390732027 0.0 0.0 0.0 0.0 0.0 0.0 0.0 0.0 0.0 -1.0059034281933932 0.0 0.0 0.0 0.0 0.0 -1.2914221731643407 0.0 0.0 0.0 0.0 -0.40983347576080437 0.0 0.0 0.0 0.0 0.0 0.0 0.0 0.0 0.0 0.0 0.0 0.0 0.0 0.0 0.0
-0.8592581221014226 0.0 0.0 0.0 -0.990633585898638 0.0 0.0 0.0 0.0 0.0 0.0 0.0 0.0 0.0 0.0 0.0 0.0 0.0 0.0 0.0 0.0 0.0 0.0 0.0 0.0 0.0 0.0 0.0 0.0 0.0 0.0 0.0 1.1406416028567388 0.0 0.0 0.0 0.0 0.0 0.0 0.0 0.0 0.0 0.0 0.0 0.0 0.0 0.0 0.0 0.0 0.0 -0.7219200843790009 0.0 0.0 0.9023561055583381 0.0 0.0 0.0 0.0 0.0 0.0 0.0 0.0 0.0 0.0 0.0 0.0 0.0 0.0 0.0 0.0 -0.8522548016107401 0.0 0.0 0.0 0.0 0.0 0.0 0.0 0.0 0.5268040006311561 0.0 0.0 0.0 0.0 0.0 0.0 0.0 0.0 0.0 0.0 1.1302657708667834 0.0 0.0 0.0 0.0 -0.76332411950857 -1.5226369841020393 0.0 0.0 0.0
0.0 0.0 0.0 -0.45612869628442926 0.0 0.0 1.2591334518340604 0.0 0.0 0.364739903874911 0.0 0.0 0.0 0.0 0.0 0.0 0.0 0.0 0.0 0.0 0.0 0.0 0.0 0.0 0.0 0.3037902282034307 0.0 0.0 0.0 0.0 0.0 0.0 0.0 0.0 0.0 0.0 0.019302750765265934 0.0 0.0 0.0 0.0 0.0 0.0 0.0 0.0 0.0 0.0 0.0 0.0 0.0 0.0 0.0 0.0 0.0 0.0 -0.48858197996266817 0.0 0.0 0.0 -0.13532867259740344 0.0 0.0 0.0 0.0 0.0 0.0 0.0 -0.938226721226108 0.0 0.0 0.0 0.0 0.0 0.0 0.0 0.5431151456188922 0.0 0.0 -0.6231021633419752 0.0 0.0 0.0 0.0 0.0 0.0 0.0 0.0 0.0 0.0 0.0 0.0 0.0 0.0 0.0 0.0 0.0 0.0 0.0 0.0 0.0
0.0 0.0 0.0 0.0 0.0 0.0 0.0 -1.3196149341115515 0.0 0.0 0.0 0.0 -1.1626546013092462 0.0 0.0 0.0 0.0 0.9177680141531257 -0.8699660424790108 0.0 0.0 0.0 0.0 0.0 0.0 0.0 0.0 0.0 0.0 0.0 0.0 0.0 0.0 0.0 0.0 0.28921419551631244 0.0 0.0 0.0 0.0 0.0 0.0 0.0 0.0 0.0 0.0 0.0 0.0 0.0 0.0 -1.2061204952475642 0.0 0.0 0.0 0.0 0.0 0.0 0.0 0.0 0.0 0.0 0.0 0.0 0.0 0.0 0.0 0.0 0.0 -0.10982911961545187 1.465376839191108 0.0 0.0 0.0 0.0 0.0 0.0 0.0 0.0 0.0 0.0 0.0 0.0 0.0 0.0 0.0 0.23435803677988792 0.0 0.0 0.0 0.0 0.0 0.995738698456825 0.0 0.0 0.0 0.0 0.0 0.0 0.0 0.0
0.0 -1.3108514879966888 0.0 0.0 0.0 0.0 0.0 0.0 -1.2017911574247875 0.4822702175583365 0.0 0.0 0.0 0.0 0.0 -0.9703385522861745 0.0 0.0 0.0 0.0 0.0 0.0 0.0 0.0 0.0 0.0 0.0 0.0 -1.0464668382453453 0.0 0.0 0.0 0.0 0.0 0.0 0.536129581063183 0.0 0.0 0.0 0.0 0.0 0.0 0.0 0.0 0.0 0.0 0.0 0.0 0.0 0.0 0.0 0.0 0.0 0.0 0.0 0.0 -0.2647594558368403 0.0 0.0 0.0 0.0 0.0 0.0 0.0 0.0 0.0 0.0 0.0 -0.7460426867433114 0.0 0.0 0.0 0.0 0.0 0.0 0.0 0.0 0.0 0.0 0.0 0.0 0.0 0.0 0.0 0.0 0.0 0.0 0.0 0.0 0.0 -0.319381441896301 0.0 0.0 0.0 0.0 0.0 -0.44245449856782504 0.0 0.0 0.0
0.0 -1.0275418932416531 0.0 0.0 0.0 0.0 0.0 0.0 0.0 0.0 0.0 0.0 0.0 0.0 0.0 0.0 0.0 0.0 0.0 0.0 0.4931220972729995 0.0 0.0 0.0 0.0 0.0 0.0 0.0 -0.811673530023103 0.0 0.0 0.0 0.0 0.0 0.0 0.0 0.0 0.0 0.0 0.0 0.0 0.0 0.0 0.0 0.0 0.0 0.0 0.0 0.0 -1.4523382678968433 0.0 0.0 0.0 0.0 0.0 0.0 0.0 0.0 0.0 0.0 -1.4740345759111315 0.0 0.0 0.0 0.0 0.0 0.0 -1.2681023369203284 0.0 0.0 0.0 0.0 0.0 0.0 -0.3259538380648962 0.0 0.0 0.0 0.3123948504962679 0.0 0.0 -1.218954685929278 0.0 0.0 0.0 1.0213406753466865 0.0 0.0 0.0 0.0 0.0 0.0 0.0 0.0 0.0 0.0 0.0 0.0 0.0 0.0
-1.3865142562189006 0.0 0.0 0.0 0.0 0.0 0.0 0.0 0.47686093964443177 0.0 0.0 0.0 0.0 0.0 0.0 0.0 0.0 0.0 0.0 0.0 0.0 0.0 0.0 -1.0943557852322003 0.0 0.0 0.0 0.0 0.0 0.0 0.0 1.1438319545594147 0.0 0.13899168066898102 0.0 0.0 0.0 0.0 -1.2026534031222447 0.0 0.0 0.0 0.0 0.0 0.0 0.0 0.0 0.0 -1.4180905410696572 0.0 0.0 0.0 0.0 0.0 0.0 0.0 0.0 0.0 0.0 0.0 0.0 0.0 0.0 0.0 -1.2745179072027355 0.0 0.0 0.0 0.0 0.0 0.0 0.0 0.0 0.0 0.0 0.0 0.0 0.0 0.0 0.0 0.0 0.0 0.0 0.8858721885670968 0.0 0.0 0.0 0.0 0.0 0.0 0.0 0.0 0.0 0.0 0.0 0.0 0.0 0.10718855870634575 0.0 0.0
0.0 0.0 0.0 0.0 0.0 0.0 0.0 0.0 0.0 0.0 0.0 0.0 0.0 1.042894225608636 0.0 0.0 0.0 0.9353831649932913 0.0 0.0 0.5270556226404093 0.0 0.0 0.0 0.0 0.0 0.0 0.0 0.0 0.0 0.0 0.0 0.0 0.0 0.0 0.0 0.0 0.0 0.0 0.0 0.0 0.0 0.0 0.0 0.0 0.0 0.0 0.0 0.0 0.0 0.0 0.0 0.0 0.0 -0.05271109232095147 0.0 0.0 0.0 0.0 0.0 0.0 0.40680690736196046 -0.022567547591026166 0.0 0.0 0.0 0.0 0.0 0.0 0.0 0.0 -1.4397260646022887 0.683810065203191 0.0 0.0 0.0 0.0 0.0 0.0 0.0 0.0 0.0 0.0 0.0 0.0 0.0 0.0 0.0 0.3742424774791811 0.0 0.0 0.0 0.0 0.0 0.0 0.0 0.0 0.0 0.8460334924818951 0.0
0.0 0.0 0.0 0.0 0.0 0.0 0.0 0.0 0.0 0.0 0.0 0.0 0.0 0.0 0.0 0.0 0.0 0.0 0.0 0.0 0.0 0.0 0.0 0.0 -0.41265411557168996 0.5080585928227004 0.0 0.0 0.0 0.0 0.0 0.0 0.0 0.0 0.0 0.0 0.0 0.0 0.0 0.0 0.0 0.0 1.0963804653693296 0.0 0.0 0.0 0.0 0.0 -0.033432757346795544 0.0 0.0 0.0 0.0 0.0 0.0 0.0 0.0 0.0 0.0 0.0 0.0 0.0 0.0 0.0 0.7272661210206894 0.0 0.0 0.0 0.0 0.0 -1.1600538817391033 0.0 0.0 0.0 0.0 0.0 0.0 0.0 0.0 0.0 0.0 0.2814507571739417 0.0 0.0 0.0 0.0 0.0 0.0 0.0 -0.5540378169446725 0.0 0.0 0.593549706941313 0.0 0.0 0.0 -0.07177567306260363 0.0 0.0 0.0
0.0 1.3432105032612638 0.0 0.0 -0.17675509455588387 0.0 0.0 0.0 0.0 -1.3372637078282692 0.0 0.0 0.0 0.0 0.0 0.0 0.0 0.0 0.0 0.0 1.3860891056181412 0.0 0.0 0.0 0.0 0.0 0.0 0.0 0.0 0.9566236299389257 0.3104350674821015 0.0 0.0 0.0 0.0 0.0 0.0 0.0 0.0 0.0 0.0 0.0 0.0 0.0 0.0 0.0 0.0 0.0 0.0 -1.0628730420585246 0.0 0.0 0.0 0.0 0.0 0.0 0.0 0.0 0.4536241454925399 0.0 0.0 0.4520021918896605 0.0 0.0 0.0 0.0 0.0 0.0 -0.06886388032471515 0.0 0.0 0.0 0.0 0.0 0.0 0.0 0.0 0.0 0.0 0.0 0.0 0.0 0.0 0.0 0.0 0.0 0.0 0.0 0.0 0.0 0.0 0.0 0.0 0.0 0.0 0.0 0.0 0.0 0.0 0.0
0.0 0.0 0.9938519219518303 0.0 0.0 0.0 0.0 0.0 0.0 0.0 0.0 0.0 -1.3771589249502185 0.16675488518931425 0.0 0.0 0.0 0.0 0.0 0.0 0.9141170270878719 0.0 0.0 0.0 0.0 0.0 0.0 0.0 0.0 0.0 0.0 0.0 0.0 0.0 0.0 0.0 0.0 -0.17509652652151497 0.0 0.0 0.0 0.0 0.0 0.0 0.0 0.0 0.0 0.0 0.0 0.0 0.0 0.0 0.0 0.0 0.0 0.0 0.0 -0.4479272914282122 0.0 0.0 0.0 0.0 0.0 0.0 0.268336177230392 0.0 0.0 0.0 0.0 0.0 0.0 0.0 0.0 0.0 0.0 0.0 0.0 0.0 0.0 0.0 0.0 0.97724954980504 0.0 0.0 0.0 0.4008518647547731 0.0 0.0 0.0 0.0 0.0 0.0 0.9950975514426211 0.0 0.0 0.0 0.0 0.0 0.0 0.0
0.0 0.0 0.0 0.0 0.0 0.0 0.0 0.0 0.0 0.0 0.0 0.0 0.0 0.0 0.0 0.0 0.0 0.0 0.0 0.0 0.0 0.0 0.0 0.0 0.0 0.0 0.0 0.0 0.0 -0.9787155665344609 -1.224508528309105 0.0 0.0 0.0 0.0 -0.32582204320547326 0.0 0.0 0.0 0.6972321601558523 0.0 0.0 -0.5630037090624951 -0.9846597366597206 0.0 0.0 0.0 0.0 0.0 0.0 0.0 0.0 0.0 0.0 0.0 0.0 0.0 0.0 0.0 0.0 0.0 1.3926587487903141 0.0 0.0 0.0 0.0 0.0 0.0 0.0 0.0 0.0 0.0 0.0 0.0 0.0 0.0 0.0 0.0 0.0 -1.2289559273996038 0.0 -0.8021867959279969 0.0 0.0 0.0 0.0 0.0 0.0 0.0 0.0 0.0 0.0 0.0 0.0 0.0 0.0 0.0 0.3029735043361254 0.0 0.0
0.0 0.7153813980709972 -0.6458801734347093 0.0 0.0 0.0 0.0 0.0 0.0 0.0 0.0 0.0 0.0 0.0 0.0 0.0 -0.2466866346756556 0.0 0.0 -0.6536818158094434 0.0 0.0 0.0 -0.01146758527418849 0.0 0.0 0.0 0.0 0.0 0.0 0.3027892131307426 0.0 0.0 0.0 0.0 0.0 0.0 0.0 0.0 0.0 0.0 0.0 0.0 0.0 0.0 0.0 0.0 0.0 0.0 0.0 0.0 0.0 0.0 0.0 0.0 0.0 0.0 0.0 0.0 0.0 0.0 0.0 0.0 0.0 0.0 0.0 0.0 0.2586619401932968 0.0 0.0 0.0 0.0 0.0 0.0 0.0 0.0 0.0 0.0 -1.4516109842503468 0.0 0.0 0.0 -1.5049178424333982 0.0 0.0 0.04179879654206634 0.0 0.0 0.0 0.0 0.0 0.0 0.0 0.0 0.0 0.0 0.0 0.0 0.0 0.0
0.0 0.0 0.0 0.0 0.0 0.0 0.0 0.0 0.0 0.0 0.0 0.0 0.0 0.0 0.0 0.0 0.0 0.0 0.0 0.0 0.0 0.0 0.0 0.0 0.0 0.0 0.0 -0.2189857449466862 0.0 0.0 0.0 0.0 0.0 0.0 0.0 0.0 -0.5227705501089648 0.6894717209052977 0.0 0.0 0.0 0.0 0.0 0.0 0.0 0.0 -0.9682675767917732 0.0 0.0 0.0 0.0 0.0 1.4185445298014847 0.0 0.0 0.0 0.0 0.0 1.177892698210205 0.0 0.0 0.0 0.0 0.0 0.0 0.0 0.0 0.0 0.0 0.4025607176192634 0.0 0.0 0.0 0.0 0.0 -1.358548273686451 0.0 -1.0630594832075062 0.0 0.0 0.0 -1.0614891117127672 0.0 0.0 0.0 0.0 0.0 0.0 0.0 0.0 0.0 0.0 0.0 0.0 0.0 0.0 0.0 0.0 0.0 0.0
0.0 -0.4178007636333973 0.0 0.0 0.0 0.0 0.0 0.0 0.0 0.0 0.0 0.0 0.0 0.0 0.0 0.0 0.0 0.0 1.0023187231229227 0.0 0.0 0.0 0.0 0.0 0.0 0.0 0.0 0.0 0.0 0.0 0.0 0.0 0.0 0.0 0.0 0.0 0.0 0.0 0.0 0.0 1.0332530807159288 0.0 1.1565214799374006 0.6384806830939291 0.0 0.0 0.0 0.0 0.0 0.0 0.0 0.0 0.0 0.0 0.0 -1.203233276316606 0.0 0.0 0.0 0.0 0.0 0.0 0.0 0.0 0.0 0.0 0.0 0.0 0.0 0.0 0.0 0.0 0.600777648970878 0.0 0.0 0.0 0.5214628158142898 0.0 0.0 0.0 0.0 0.0 0.0 0.0 -0.11923108174756344 0.0 0.0 0.0 0.0 1.0049219724254532 0.0 0.0 0.0 0.0 0.0 0.0 0.0 0.0 0.0 0.0
0.0 0.0 0.0 0.0 0.0 0.0 0.0 0.0 0.0 0.0 0.0 0.0 0.0 0.0 0.0 0.0 0.0 0.0 0.10662243251317648 0.0 0.0 0.0 0.0 0.0 0.0 0.0 0.0 0.5232154150715591 0.0 0.0 0.0 0.0 0.0 0.0 0.0 0.0 0.0 0.0 0.0 0.0 1.150949174502591 0.0 0.0 0.0 0.0 0.0 0.0 0.0 0.0 0.0 0.0 0.0 0.0 0.0 0.0 0.0 0.0 0.0 -1.4278992579345147 0.0 0.0 0.0 0.0 0.0 0.0 0.0 0.0 0.0 0.0 0.0 0.0 -1.2771386253506227 0.0 0.0 0.0 0.0 0.0 0.0 0.0 0.5687292603454961 0.8330071632953295 0.0 0.0 0.0 0.0 -0.1457470056246084 0.0 0.0 0.0 0.0 0.7290515945688401 0.0 0.9607363387910308 0.0 0.0 0.0 0.0 0.0 0.0 0.0
0.0 0.0 0.0 0.0 0.0 0.0 0.0 0.0 0.0 0.0 0.0 0.0 -0.6891687501771085 0.0 0.0 0.0 0.0 0.0 0.0 0.0 0.0 0.0 0.0 0.0 0.0 0.0 0.0 0.0 0.0 0.0 0.0 0.0 0.0 0.0 0.0 0.0 0.0 0.0 0.1434534286181544 0.0 0.0 0.0 0.0 0.0 -0.2637104709587181 -1.257982336633606 0.0 0.0 0.0 0.0 0.0 0.0 0.0 0.0 0.0 0.0 0.0 0.0 0.0 0.0 0.0 0.0 0.0 0.0 0.0 -1.049636374134143 0.0 0.0 0.0 0.0 0.0 0.0 0.0 0.0 0.0 0.0 0.0 0.0 0.0 1.3893930945162372 0.0 0.0 0.0 0.0 -1.4032339641373703 0.0 0.0 0.0 0.4437718999754344 0.0 0.0 0.0 0.7302036387905932 0.0 0.0 0.0 0.0 -0.3739513980216902 0.0 0.0
0.0 0.0 0.0 1.1723750985950372 0.0 0.0 0.0 0.0 0.0 0.0 0.0 0.0 0.0 0.0 0.0 0.0 0.0 0.1646394031722335 -1.01775301593074 0.73659755378728 0.0 0.0 0.0 0.0 0.0 0.0 0.0 0.0 0.0 0.0 0.0 0.0 0.0 0.0 0.0 0.0 0.1423310552918969 0.0 0.0 0.0 0.0 0.0 0.0 0.0 0.0 0.10537999909383382 0.0 0.0 0.0 0.0 0.0 0.0 0.0 -0.8971090505844372 0.0 0.0 0.0 0.0 0.0 0.0 0.0 0.0 0.0 0.0 0.0 0.0 0.0 0.0 0.0 0.0 0.0 1.4204432457738356 0.0 0.0 0.0 0.0 -1.0315808209722939 0.0 0.0 0.0 0.0 0.0 0.0 0.0 -0.9286273367479706 0.0 0.0 0.0 0.0 0.0 0.0 0.0 0.0 0.0 0.0 0.0 0.0 0.0 0.0 0.0
0.0 0.0 0.0 0.0 0.2243134703794088 0.0 0.0 0.0 0.0 0.0 0.0 0.0 0.0 0.0 0.0 0.0 0.0 0.0 0.0 0.0 0.0 0.0 1.034002701004291 0.0 0.0 0.0 0.0 0.0 0.0 -1.0576521449030367 0.0 0.3056924827400539 0.0 0.0 0.0 0.0 0.0 0.6955860273071476 0.0 0.0 0.4979765989997351 0.0 0.0 0.0 0.0 0.0 0.0 0.0 0.0 0.0 0.0 0.0 0.0 0.0 0.0 0.0 0.0 0.0 0.0 0.0 1.4496491917026515 0.0 0.0 0.0 0.0 0.0 0.0 0.0 0.0 0.0 0.0 0.0 0.0 0.0 0.0 0.0 0.0 0.0 0.0 0.0 0.0 0.0 0.0 0.0 0.8225272319862451 0.0 0.0 0.0 0.15447684521737248 0.0 0.0 0.0 0.0 0.0 0.0 0.0 0.7051428675415086 0.0 0.0 0.0
0.0 0.0 0.0 0.0 0.0 0.0 0.0 0.0 0.0 0.0 0.0 0.0 0.0 0.0 0.0 0.0 0.0 0.0 0.0 0.0 0.0 0.0 0.0 0.0 0.0 0.0 0.0 0.0 0.0 0.0 0.0 -1.3120367769495362 0.0 0.0 0.0 -0.3420223274575804 0.0 0.0 0.0 0.0 0.0 0.0 1.085539368814009 0.0 0.0 0.0 0.9303802082386686 0.0 0.0 0.0 0.0 0.0 0.0 0.6851570043698888 0.0 0.0 0.0 0.0 0.0 0.0 0.0 0.0 0.0 0.0 0.0 0.0 0.0 0.0 0.0 1.199592786147606 0.0 1.0258181790043517 0.0 0.0 0.0 0.0 0.0 0.0 0.0 0.0 0.7621734346110037 -1.1073530290994777 0.0 0.0 -0.6468097335098577 0.0 0.0 0.0 0.0 0.0 0.0 0.0 0.0 0.0 0.0 0.0 0.0 0.0 0.0 0.0
0.0 0.0 0.0 0.0 0.0 0.0 0.0 0.0 0.31472332581716034 0.0 0.0 0.0 0.0 0.0 -1.2815574624634136 0.0 0.0 0.0 0.0 0.0 0.0 0.0 0.0 0.0 0.0 0.0 0.0 0.2307229297120053 0.8121615522811887 0.0 0.0 0.0 0.0 0.0 0.0 0.0 0.0 0.0 0.0 0.0 -1.1400710997281103 0.0 0.0 0.0 0.0 0.0 0.0 0.0 0.0 0.0 0.0 0.0 0.24919007724541245 0.5583628257422637 0.0 0.0 0.0 0.0 0.0 0.0 0.0 0.0 1.319007792545442 0.0 0.0 0.0 1.413896087832922 0.0 0.0 0.0 0.0 0.0 0.0 0.0 0.0 0.0 0.0 0.0 0.0 0.0 0.0 0.0 0.0 0.0 0.0 0.0 0.0 0.0 0.0 0.0 0.0 0.0 -0.3751009975430903 0.0 0.0 0.0 0.0 0.0 0.0 0.0
-1.1640898966318955 0.0 0.0 0.0 0.0 0.4992939675494744 0.0 0.0 0.0 0.0 0.0 0.0 0.0 0.0 0.0 0.0 0.0 0.0 0.0 -0.39837305323709993 0.0 0.0 0.0 -0.8221208809347182 0.0 0.0 0.0 0.0 0.0 -0.6351805541356329 0.0 0.0 0.0 0.0 0.0 -0.6426498593452469 0.0 0.0 0.0 0.0 0.0 0.0 0.0 0.0 0.0 0.0 1.3841963808523117 0.0 0.0 0.0 0.0 0.0 0.0 0.0 0.0 0.0 0.0 0.0 1.293829631661144 0.0 0.0 0.0 0.0 0.0 0.0 0.0 0.0 0.0 0.0 0.0 -0.7850491001454316 0.0 0.0 0.0 0.0 0.0 0.0 0.0 0.0 0.0 0.0 0.0 0.0 0.0 0.0 0.0 0.0 0.0 0.0 0.0 0.0 1.1147212171686354 0.0 0.0 0.0 0.0 0.0 0.0 0.0 0.0
0.0 0.0 -1.441974146548125 0.0 0.0 0.0 0.0 0.0 0.0 0.0 0.8644694184405702 1.1813576285274596 0.0 0.0 0.0 0.0 0.0 0.0 0.0 0.0 0.0 0.0 0.0 0.10837819471262183 0.0 0.0 0.0 0.0 -0.3378315816760967 0.0 0.0 0.0 0.0 0.0 -0.07018358991632513 0.0 0.0 0.0 0.0 0.0 0.0 0.0 0.0 0.0 0.0 0.0 0.0 0.0 0.0 0.0 0.0 0.0 0.0 0.0 0.0 0.0 0.0 0.0 0.0 0.0 0.0 0.0 0.0 0.0 0.798570034448987 0.0 0.0 0.0 0.0 0.0 0.0 0.0 0.0 0.0 0.0 -0.20478845387468925 0.0 0.0 0.0 0.0 0.0 -1.4925718003332857 0.0 0.0 0.0 0.0 0.0 1.1992871427891403 0.0 0.0 0.0 0.0 0.0 0.0 0.0 0.0 0.0 0.0 0.0 0.0
0.0 0.0 0.0 0.0 0.0 0.0 0.0 0.0 0.0 0.0 0.0 0.0 0.0 0.0 0.0 0.0 0.0 0.0 0.0 0.0 0.0 0.0 0.03922224663007126 0.0 0.0 0.0 0.0 0.0 0.0 0.0 0.6310633511902973 -0.7801602727188796 0.0 1.1359096977469514 0.0 0.0 0.0 0.0 0.0 0.0 0.0 0.0 0.0 0.0 0.0 -1.0869242480781285 0.0 0.0 1.0513770183528623 0.0 0.0 0.0 0.0 0.0 0.0 0.0 0.0 0.0 0.0 0.0 0.47064228230357674 0.0 0.0 0.0 0.0 0.0 0.0 0.0 0.0 0.0 0.0 0.0 0.0 0.0 0.0 0.0 -1.2818928693154534 0.0 0.0 0.0 0.0 0.0 -0.9694717649374428 0.0 0.0 0.0 0.0 -0.9592697946260915 0.0 0.0 0.0 0.0 0.0 0.0 0.0 0.0 0.0 0.0 0.0 0.0
0.0 0.0 0.0 0.0 0.0 0.0 0.0 0.5709259475736609 0.0 0.0 0.0 0.0 0.0 0.0 0.0 0.0 0.0 0.0 0.0 0.0 1.0515798069303646 0.0 0.0 0.0 0.0 0.0 1.0926193327334182 0.0 -0.5583066478966762 0.0 0.0 0.0 0.0 0.0 0.0 0.0 0.018069297550758874 0.0 0.0 -0.5707169483802967 0.0 0.0 0.0 0.0 0.0 0.0 0.0 0.0 -1.3171659707849712 0.0 0.0 0.0 0.0 0.0 0.0 0.0 0.0 0.0 0.0 0.0 0.0 0.0 0.0 0.0 0.0 0.0 -0.711103745087189 0.0 0.0 0.0 0.0 0.0 0.0 0.0 0.0 0.0 0.0 0.0 0.0 0.0 0.0 0.0 0.0 0.0 0.0 0.0 0.0 0.0 0.0 0.8468642413158752 0.0 0.0 0.0 0.0 0.0 0.0 0.0 0.0 -0.4278855133929284 0.0
0.0 0.0 0.0 1.1221259509665942 0.0 0.0 0.0 0.0 1.0007236117081457 0.0 0.0 0.0 0.0 -1.3742734844544628 0.0 0.0 0.0 0.0 0.0 0.0 0.0 0.0 0.0 0.0 0.0 0.0 0.0 0.0 0.0 0.0 0.0 0.0 0.0 0.0 0.0 0.0 -0.7316755967892369 0.0 0.0 0.0 0.0 0.0 0.0 -0.7395086049446851 0.0 -1.181901730482323 0.0 -1.1109624348523353 0.0 0.0 0.0 0.0 0.0 0.0 0.0 0.0 0.0 0.0 0.0 0.0 0.0 0.0 0.0 0.0 0.0 0.0 0.0 0.0 0.0 0.0 0.0 0.0 0.0 0.0 0.0 0.0 0.0 0.0 0.0 0.0 0.0 0.0 0.0 0.0 0.0 0.38437341590645996 0.0 0.0 -1.295085061150993 0.0 0.0 0.0 -0.35048772165236286 0.0 0.0 0.0 0.0 0.0 0.0 0.0
0.0 0.0 0.0 0.0 0.0 0.0 0.0 0.0 0.0 0.0 0.0 0.0 0.0 0.0 0.0 0.0 0.0 0.0 0.0 0.0 0.0 0.1417184474159281 0.0 0.0 0.0 0.0 0.0 0.0 0.0 0.0 0.0 0.0 0.0 0.0 0.0 0.0 0.0 0.0 0.0 0.0 0.0 0.0 0.0 0.0 -1.2460696729494476 0.0 0.0 0.0 0.0 0.0 0.0 0.0 0.0 0.0 0.0 0.0 0.0 0.0 0.0 0.0 0.0 0.0 0.0 0.0 0.0 0.0 0.0 0.0 0.0 -0.9556678684817788 0.0 0.0 0.0 -0.9506606719679644 0.0 0.251365873994377 0.0 -1.3508143163537278 0.0 0.0 0.0 -0.4805780387903903 0.0 -0.18891963951553775 0.0 0.0 0.0 0.0 0.0 -0.9628075408953323 0.0 0.0 0.0 0.0 0.0 0.0 0.0 0.0 0.0 0.7825817191027108
0.0 0.0 0.0 0.0 0.0 0.0 0.0 0.0 -1.010068651248862 0.0 0.0 0.0 0.0 0.0 0.0 0.0 0.0 0.0 0.0 0.0 0.0 0.0 0.0 0.0 0.0 0.0 0.0 0.0 0.0 0.0 0.0 0.0 -0.1436708223719083 0.0 0.0 0.0 0.0 0.0 0.0 0.0 0.0 0.0 0.0 0.0 0.0 0.0 0.0 0.0 0.0 0.0 0.0 0.0 0.0 0.0 0.0 1.2069445563709815 0.0 0.0 0.4774001797431172 0.0 0.0 0.0 0.0 1.266326456709233 0.0 0.0 -0.7144853259092775 0.0 0.0 0.0 0.0 0.0 0.0 0.0 0.0 0.0 0.0 0.0 0.0 0.0 1.2410041259973474 0.0 0.0 0.0 0.0 1.4280500496165973 0.0 0.0 0.0 -1.2091071052448121 0.0 -0.7552320226623312 0.0 0.0 0.0 0.0 0.0 0.0 0.0 0.0
0.0 0.0 0.0 0.0 0.0 -0.9838391620522569 0.0 1.2581394609176602 0.0 0.0 0.0 0.0 0.0 0.0 0.0 0.0 0.0 0.0 0.0 0.0 0.0 0.0 0.0 -1.3837643140227391 0.0 0.0 0.0 0.0 0.0 0.0 0.0 0.0 0.0 0.0 0.0 0.0 0.0 0.0 0.0 0.0 0.0 1.214051504016587 0.0 0.0 1.1238129194580402 0.0 0.0 0.0 0.0 0.0 0.0 0.0 0.0 0.0 0.0 0.0 0.0 0.0 0.0 0.0 0.0 0.0 0.0 0.0 0.0 0.0 0.0 0.0 0.0 0.0 0.0 1.3277229267908133 0.0 0.0 0.0 0.0 0.0 1.4630450964466213 -0.9941775942253663 0.0 0.0 0.0 0.0 0.0 0.0 0.0 0.2427110122101396 0.0 0.0 0.0 0.0 0.0 0.0 0.0 0.0 0.0 0.0 0.0 -1.2332449140593458 0.0
0.054933459088538306 0.0 0.0 0.0 0.0 0.0 0.0 0.0 0.0 0.0 0.0 0.0 0.0 0.0 -1.0859137254397984 -1.5018722958339286 0.0 0.0 -1.4983477730616719 -0.2357484963300871 0.0 -0.13601247248360687 0.0 0.0 0.0 0.0 0.0 0.0 0.0 0.0 0.0 0.0 0.0 0.0 0.0 -1.4637267034636965 0.0 0.0 0.0 0.0 0.0 0.0 0.0 0.0 0.0 0.0 0.0 0.0 0.0 0.0 0.0 0.0 0.0 0.0 0.0 0.0 0.0 0.0 0.8000072090075576 0.0 0.0 0.0 0.0 0.0 0.0 0.0 0.0 0.0 0.0 0.0 0.0 0.0 -0.2842709566604964 0.0 0.0 0.0 0.0 0.0 0.0 0.0 0.0 0.0 0.0 0.0 0.0 0.0 0.0 0.0 0.0 0.0 0.0 0.0 0.0 0.0 0.0 0.2640710997531633 0.0 0.0 0.0 0.0
1.5124129412871228 0.0 0.0 0.0 0.0 0.0 0.0 0.0 0.0 0.0 0.0 0.0 0.0 0.0 0.0 0.0 0.0 0.0 0.0 0.0 0.0 0.0 0.0 0.0 0.0 0.0 0.0 0.0 0.0 0.0 0.0 0.9164123281454315 0.0 0.0 0.0 0.0 0.0 0.0 0.0 0.0 0.0 0.0 -0.28389076649317674 0.4124579372252781 0.10156581344745025 0.0 0.0 0.0 0.0 0.0 0.0 0.0 0.0 0.0 0.0 0.0 0.0 0.027925006011377318 -1.2183082859058696 0.0 0.0 0.0 -0.8516607714111357 0.0 0.0 0.0 1.053952149133651 0.0 0.0 0.0 -1.4494042684599155 0.0 0.0 0.0 0.0 0.0 0.0 0.0 0.0 0.0 0.0 0.0 0.0 0.0 0.0 0.0 0.0 0.0 0.0 0.0 0.0 0.0 0.0 0.0 0.0 0.0 0.0 0.0 0.0 0.0
-0.13734812560451112 0.0 0.0 0.386746335091551 0.0 0.0 0.0 0.0 0.0 0.0 0.0 0.0 0.0 0.05600104854454256 0.0 0.0 0.0 0.0 0.0 0.0 0.0 0.0 0.0 0.0 0.0 0.0 0.0 0.0 0.0 0.0 0.0 0.0 0.0 1.4604343835918232 0.0 0.0 0.0 0.0 0.0 0.0 0.0 0.0 0.0 0.0 0.0 0.0 0.0 0.0 0.0 0.0 0.0 0.0 0.0 0.0 -1.3023431041995628 0.0 0.0 0.0 0.0 0.0 0.0 0.9691217175053475 0.0 0.0 0.0 0.0 0.0 0.0 0.0 0.0 0.0 -0.7525603757919284 0.0 0.0 0.0 0.0 0.0 0.0 0.0 0.0 0.0 0.0 0.0 0.0 0.0 0.0 0.0 0.0 0.0 1.409788336306221 0.9260398951401461 0.0 0.0 0.0 0.0 0.0 0.0 0.0 0.0 0.005700683709809216
0.0 0.0 0.0 0.0 0.0 0.0 0.0 0.0 0.0 0.0 0.0 0.0 0.0 0.0 0.0 0.0 0.0 0.0 0.0 0.0 0.0 0.5001791505313568 0.0 0.0 0.0 0.0 0.0 1.357856359136779 0.0 0.0 0.0 0.0 0.0 0.0 0.25438811092702185 0.0 1.271774991321378 0.0 0.0 0.0 0.0 -0.8002474043741722 0.0 0.0 0.0 0.0 0.0 -0.6522671626506569 0.0 0.0 0.0 0.0 0.6792793196505674 -0.03269030632774175 0.0 0.0 0.0 0.0 0.0 0.0 0.0 0.0 0.0 0.9705805922459865 0.0 0.0 0.0 0.0 0.0 0.0 0.0 0.0 0.0 0.0 0.0 0.0 0.0 -0.11401085745246312 0.0 0.0 0.0 0.0 0.0 0.0 0.0 0.0 0.0 0.0 0.0 0.0 0.0 0.0 0.0 0.0 0.0 0.0 0.0 0.0 0.0 0.0
0.08235323376538409 0.0 0.0 0.0 0.0 0.18781758747321953 0.0 0.0 0.0 0.0 0.0 0.0 0.0 0.0 0.0 0.0 0.0 0.0 0.0 0.0 0.0 0.0 0.0 0.0 0.0 0.0 0.0 0.0 0.0 0.0 0.0 0.0 0.0 0.0 0.0 0.0 0.0 0.0 0.0 0.0 0.0 0.0 0.0 0.0 1.025891790536985 0.0 -1.3584164540906247 0.2850947577843305 0.0 0.0 0.03640397327129735 0.0 0.0 0.0 -0.5524728514583869 0.0 -1.0037741644061873 0.0 0.0 0.0 0.0 0.0 0.0 0.0 0.0 0.0 0.0 0.0 0.0 0.0 0.0 0.0 0.0 0.0 0.0 0.0 0.0 0.0 0.0 0.0 0.0 0.0 0.0 0.0 -0.8839258887931888 0.0 0.0 0.0 0.0 0.0 0.0 0.0 -0.9218204682161353 0.0 0.0 0.0 0.0 0.0 0.0 0.0
0.4985243544881721 0.0 0.0 0.0 0.0 0.0 0.0 0.0 0.0 0.0 0.0 1.025439206531733 0.0 0.0 -1.1572490983271253 0.0 1.447666300407829 0.0 0.0 0.0 0.0 0.0 0.0 0.0 0.0 0.0 0.0 0.0 1.0444876702905046 0.0 0.0 0.0 0.0 0.0 0.0 0.0 0.0 0.0 0.0 0.0 0.0026729981205245042 0.0 0.0 0.0 0.0 0.0 0.0 0.0 0.0 0.0 0.0 0.0 0.0 0.0 0.0 1.0719277738452573 0.0 0.0 0.0 0.0 0.36463825952665746 0.0 0.0 0.0 0.0 0.0 -1.0470763558568728 0.0 0.0 0.0 0.0 0.0 0.0 0.0 0.0 0.0 0.0 0.0 0.0 0.0 0.0 0.0 0.0 0.0 0.0 0.0 0.0 0.0 0.0 -0.8676272006560111 0.0 0.0 0.0 0.0 0.0 0.0 0.0 0.0 0.0 0.0
0.0 0.0 0.0 -0.26183522477508486 0.0 0.0 1.1227464259664153 0.0 0.0 0.0 0.0 0.0 0.0 0.0 0.0 0.0 0.0 0.502572689324133 0.0 0.0 0.0 0.0 1.2206555724772428 0.0 0.0 -1.2037876991115612 0.0 0.0 0.0 0.0 0.0 0.0 0.0 0.0 0.0 0.0 0.0 0.0 0.0 0.0 0.0 0.0 0.0 0.0 0.0 0.0 0.0 0.0 0.0 0.6033397256055965 0.0 0.5245327534953056 0.0 0.0 0.0 0.0 0.0 0.991767320958719 0.4129547631389059 0.0 0.0 0.0 0.0 0.0 0.0 0.0 0.0 0.0 0.0 0.0 0.0 0.0 0.0 0.0 0.0 0.0 0.0 0.0 0.0 0.0 0.0 0.0 0.0 0.0 0.0 0.0 0.0 0.0 0.0 0.0 0.0 0.0 0.0 0.0 0.0 0.0 0.9323532828373071 0.0 0.0 0.0
0.7158494917376316 0.0 0.0 0.0 0.0 0.0 0.0 0.0 0.0 0.0 0.8672264453817491 0.0 0.0 0.0 0.0 0.0 0.0 0.0 0.0 0.0 0.0 0.0 0.0 0.0 0.0 0.0 0.0 0.0 0.0 -0.34381596657038394 0.0 0.0 0.0 0.0 0.0 0.0 0.0 0.0 0.0 0.0 0.0 0.0 0.0 0.0 0.0 -0.9730961273972653 0.0 0.0 0.0 0.0 0.0 0.0 0.0 0.0 0.0 0.0 0.0 0.0 0.0 0.0 0.0 0.0 0.0 0.0 0.0 -1.2943088647141012 -0.021661062863475165 0.0 0.0 0.0 -0.7557771948190972 0.0 0.0 0.0 0.0 0.0 0.0 0.0 0.0 0.0 0.0 0.0 0.0 0.0 0.0 0.0 0.505743233796011 0.0 0.0 0.0 0.0 0.0 0.0 -0.028021768653574287 0.0 0.0 0.0 0.0 0.35940591941488587 0.0
0.0 -0.6728335925226696 0.0 0.0 0.0 0.0 0.0 0.0 0.0 0.0 0.0 0.0 0.0 0.0 0.0 0.0 0.0 0.0 0.0 0.0 0.0 0.0 0.0 0.0 0.0 0.0 0.0 0.0 0.0 0.0 0.0 0.0 0.0 0.0 0.0 0.0 0.0 0.0 0.0 0.0 0.0 0.0 0.0 0.0 0.0 0.0 0.0 0.0 0.0 0.0 0.0 0.0 0.48300134160436387 0.0 0.0 0.0 -1.4149604471260722 0.0 0.0 0.0 0.0 0.0 0.0 0.0 0.18178721473431753 0.0 0.0 0.0 0.0 -0.6502029501330231 0.0 1.2903508687363923 1.0401244236537224 0.0 0.0 0.0 0.0 0.0 0.0 0.0 0.0 0.0 0.0 0.0 0.0 -0.46083319444093235 0.0 0.0 0.0 0.0 0.0 1.473972679293224 0.0 0.0 0.0 0.0 0.0 0.0 -0.8945208157181076 0.0
0.0 0.0 0.0 0.0 0.0 0.0 0.0 0.0 0.0 0.0 0.0 0.0 0.0 0.0 0.0 0.0 0.0 0.0 0.0 0.0 0.0 0.0 0.0 0.0 0.0 0.0 0.0 0.0 0.0 0.0 0.0 0.0 0.0 0.0 0.0 0.0 0.0 0.0 0.0 -0.4383312570772273 0.0 0.6678469388340978 0.0 0.0 0.0 -0.6495323513281906 -0.48881867506755267 0.0 0.0 0.0 0.0 0.0 0.0 0.0 0.0 0.0 0.0 0.0 0.0 0.49432089248021005 0.0 0.0 0.0 0.0 1.258122137189552 0.0 0.0 0.0 0.0 0.0 0.0 0.0 -0.7626573878437009 0.0 0.0 0.0 0.0 0.0 0.0 1.1397967054627833 0.0 0.0 0.0 0.0 0.0 0.0 0.0 0.0 -0.19013255304524437 0.0 0.0 0.0 0.0 0.0 0.0 0.0 0.0 0.0 0.005550795923421885 0.0
0.0 0.0 0.0 0.0 -0.5922998148235681 0.0 0.0 0.0 0.0 0.0 0.0 0.0 0.0 1.319230342976962 0.0 0.0 0.0 0.0 0.0 0.0 0.0 0.0 0.0 0.0 0.0 0.8924953692424176 0.0 0.0 0.0 -0.3215408846627892 0.0 0.0 0.0 0.0 0.0 0.0 0.0 0.0 0.0 0.0 0.0 0.0 0.0 0.0 0.0 0.0 0.0 0.0 0.0 0.0 0.0 0.0 0.0 0.0 0.0 -0.3413386693602231 0.0 0.0 0.0 0.0 0.0 0.0 0.0 0.0 0.0 -0.6734466694874063 0.0 -1.3025051854910514 0.0 0.0 0.0 0.0 0.0 0.0 0.0 0.0 0.9024741193617236 0.0 -0.42994313224597513 0.0 0.0 0.0 0.0 0.0 0.0 0.0 0.0 0.9402627677567709 0.0 0.0 0.0 0.0 0.0 0.0 0.0 0.0 0.0 0.0 0.0 0.0
0.0 0.0 0.0 0.0 0.0 0.0 0.0 0.0 0.0 0.0 -1.5129497949874573 0.0 0.0 0.0 0.0 0.0 0.0 0.0 0.0 0.0 -1.179320763336464 0.0 0.0 0.0 0.0 0.0 0.0 0.0 0.0 0.0 0.0 0.0 0.5463408605835839 0.0 0.0 0.0 0.0 0.0 0.0 0.0 0.21401897722078428 0.0 0.0 1.1033554201110427 0.0 0.0 0.0 0.0 0.0 0.0 0.0 0.0 0.0 0.0 0.0 0.0 1.3369402746099959 0.0 0.0 0.0 0.0 0.0 0.0 0.0 0.0 0.0 -0.06979808715473894 -0.7985250955982198 0.0 0.0 0.0 0.0 0.0 0.0 0.0 0.0 0.0 0.0 1.5080543540505316 0.0 0.0 -1.002943971557131 0.0 0.0 0.0 0.0 0.0 0.0 0.0 0.0 0.0 0.0 0.0 0.0 0.0 0.0 0.0 0.0 0.0 0.0
0.0 0.0 0.0 0.0 0.0 0.0 0.06197199363634015 0.0 0.0 0.0 0.0 -0.8063278700474747 0.0 0.0 0.0 0.0 0.0 0.0 0.6396888859818619 0.0 0.0 0.0 0.0 0.0 0.0 0.0 0.0 0.0 0.0 -0.8682183344873963 0.0 0.0 0.0 0.0 0.0 0.0 0.0 0.0 0.0 0.0 0.0 0.0 0.0 0.0 0.0 0.0 0.0 0.0 0.0 0.0 0.0 0.0 0.0 0.0 -1.125538893364739 0.0 0.0 0.0 0.0 0.0 0.0 0.0 0.0 0.0 0.0 0.0 0.0 0.0 0.0 0.0 0.0 0.0 0.0 0.0 0.0 0.0 0.0 0.0 0.0 0.0 1.4491435258146126 0.0 1.096217570027668 0.0 0.0 0.0 0.0 1.4202545703495981 0.0 0.0 0.0 0.0 0.0 0.0 0.0 1.3188164344610707 -0.054199870734165684 0.0 0.0 0.0
0.0 0.0 0.0 0.0 0.0 0.0 0.0 0.0 0.0 0.0 0.0 -0.05061087440241545 0.0 0.5505950089006879 0.0 0.0 0.0 0.08961960734592896 0.0 0.0 0.0 0.0 0.0 0.0 0.0 0.0 0.0 0.0 0.0 0.0 0.0 0.0 0.0 -1.1727358658084857 0.0 0.0 0.0 0.0 0.0 0.0 0.0 0.0 0.0 0.0 -0.05613947404960695 0.0 -1.1842225144965344 0.0 0.0 0.0 0.0 0.0 0.0 0.0 0.0 0.0 0.0 0.0 0.0 0.0 0.0 1.0942008140864405 0.0 0.0 0.0 0.0 0.0 0.0 0.0 0.0 0.0 0.0 0.0 0.0 0.0 0.0 0.0 0.0 0.7802637647864357 0.0 0.0 0.0 0.0 0.0 0.0 0.0 0.0 0.0 1.0211949899082908 0.0 0.0 0.0 0.0 0.0 0.0 0.0 0.9194718188975828 0.0 0.0 0.0
0.0 0.0 0.0 0.0 -1.4062786234222093 -0.21513161244435125 0.0 0.0 0.0 0.0 0.0 0.0 0.0 0.0 0.0 0.0 0.0 0.0 0.0 0.0 0.0 0.0 1.0444763238561316 0.0 1.021369854793785 0.0 0.0 0.0 0.9999280150553493 0.0 0.0 0.0 0.0 0.11162576548954932 0.0 1.3258848824303424 0.0 0.8270902987287887 0.0 0.0 0.0 0.0 0.0 0.0 0.0 0.0 0.0 0.0 0.0 0.0 -0.9326805026307812 0.0 0.0 0.0 0.0 0.0 0.0 0.0 0.0 0.0 0.0 0.0 0.0 0.0 0.0 0.0 0.0 0.0 0.0 0.0 0.0 0.0 0.0 0.0 0.0 0.0 0.0 0.0 0.0 0.0 0.0 0.0 0.0 0.0 -0.6000691239429738 0.0 0.0 0.0 0.0 0.0 0.0 0.0 0.0 0.0 0.0 0.0 0.0 0.0 0.0 0.0
0.0 0.0 0.0 0.0 0.0 -0.966850021224842 0.0 0.0 0.0 0.0 0.0 0.0 0.0 0.0 0.0 0.0 0.0 0.0 0.0 0.0 0.0 0.0 0.0 0.0 0.0 0.0 0.0 0.0 0.0 0.0 -1.125131878020276 0.0 0.0 0.0 0.0 0.0 0.0 0.0 0.0 0.0 0.0 0.0 0.0 0.0 0.0 0.0 0.0 0.0 0.0 0.8492669656617138 0.0 0.0 1.35176720794218 0.0 0.0 0.0 0.0 0.0 0.0 0.0 0.0 0.3078446034684257 0.0 0.0 0.0 -1.4200461681928638 0.0 -1.0524739501080669 -0.007421641360890342 0.0 0.0 0.0 0.0 0.0 0.0 0.0 0.0 0.0 0.0 0.0 0.0 0.0 0.06168799456113494 0.5400047609761269 0.0 0.0 0.0 0.0 0.0 0.0 0.0 0.0 0.0 0.0 0.0 0.0 0.0 0.0 0.0 0.0
0.0 -1.289396189019481 0.0 0.0 -0.5909587722919203 0.0 0.0 0.0 0.0 0.0 0.0 0.0 0.0 0.0 0.0 0.0 0.0 0.0 0.0 0.0 0.0 0.0 0.0 0.0 0.0 0.0 0.0 0.0 0.0 0.0 0.0 0.0 0.0 0.0 0.3845057324075401 0.0 0.0 0.0 0.0 0.0 0.0 0.01724769700886348 0.0 0.0 0.0 0.3779846104894755 0.0 0.0 0.0 0.0 0.2184113659325877 0.0 0.0 0.0 0.0 0.0 -1.3831349384514657 0.0 0.0 0.0 0.0 1.1928724283165502 0.0 0.0 0.0 0.0 0.0 0.0 0.0 0.0 0.0 0.0 0.0 0.0 -0.7950671767987596 0.0 0.0 0.0 0.0 0.0 0.0 0.0 0.0 0.4745543362366989 0.0 0.0 0.0 0.0 0.0 0.0 0.0 0.0 0.0 0.0 0.0 0.0 0.0 0.0 0.0 0.0
0.0 0.0 0.0 0.0 0.0 0.0 0.0 0.0 0.0 0.0 0.0 1.0956747271092901 0.0 0.0 0.0 0.0 0.0 0.0 0.0 0.0 0.0 -1.3841525258978633 0.0 0.0 0.0 0.0 0.0 0.0 0.0 0.0 0.0 0.0 -1.4962398566050206 0.0 0.0 0.0 0.0 0.0 0.0 0.0 0.0 0.0 0.0 0.0 0.0 0.0 0.0 0.0 0.0 0.0 0.0 0.0 0.0 0.0 0.0 0.0 0.0 0.0 0.0 0.0 0.0 1.3643237081498074 0.0 0.0 0.0 0.0 -0.23370120059120225 0.0 1.4394131563873465 0.0 -0.17565638622498675 0.0 0.0 1.2047168936252213 0.0 0.0 0.0 0.0 0.0 0.0 -1.1891568501103913 0.0 0.0 0.0 0.0 0.0 0.0 0.1337951320973006 0.0 0.0 0.0 0.0 0.0 0.0 0.0 0.0 0.0 0.0 0.0 0.0
0.0 0.0 0.0 0.0 0.0 0.0 0.0 0.0 0.0 0.0 0.0 0.0 0.0 0.0 0.0 0.0 0.0 0.0 0.0 0.8821220407163879 0.0 0.0 0.0 0.0 0.0 0.0 0.0 0.0 0.0 0.0 0.0 0.0 0.0 0.0 1.4235938330764941 0.0 0.0 0.0 0.0 0.0 1.015385268407068 0.0 0.0 0.0 -1.4008730064175223 -0.617259250608335 0.0 0.0 0.0 0.0 1.2615621535400359 0.0 0.08109485961869492 0.0 0.0 0.0 0.0 0.0 0.0 0.0 0.0 0.0 0.0 0.0 0.0 0.0 0.0 0.0 0.0 0.0 0.0 0.0 0.0 0.0 0.0 0.0 0.0 0.0 0.0 0.0 0.0 0.0 0.0 0.0 0.0 0.0 0.0 0.0 0.0 0.0 -0.4190193322005956 0.0 -1.4294511216607289 0.0 0.0 -0.5998470394021929 0.0 0.0 0.0 0.0
0.0 0.0 0.0 0.0 -0.4616502346526312 0.27225528096348733 0.0 0.0 0.0 0.0 0.0 0.0 0.0 0.0 0.0 0.0 0.0 0.0 0.0 0.0 0.0 0.0 -0.9660980695627401 0.0 0.0 0.0 0.0 0.0 0.0 0.0 0.0 0.0 -1.450818850415279 0.0 0.0 0.0 0.0 0.0 -1.2804157087636812 0.6763268613280885 0.0 0.0 0.0 0.0 0.0 0.0 0.0 0.0 0.0 0.0 0.0 0.0 0.0 0.0 0.0 0.0 0.1829362236418301 0.0 0.0 0.0 0.0 0.0 0.0 0.0 0.0 0.0 0.0 0.0 0.0 0.36266407778335763 0.0 0.0 0.0 0.0 0.0 0.0 0.0 0.0 0.0 0.0 0.0 0.0 0.0 0.0 0.0 0.0 -0.6620370248091911 0.0 0.0 0.0 0.0 0.0 0.0 0.0 0.0 0.0 0.0 0.0 0.0 1.2040583389435338
0.0 -0.3859001793441639 0.0 0.0 0.0 0.0 0.9693720716028682 0.0 0.0 0.0 0.0 0.0 -0.4016011888556102 0.0 0.0 0.0 0.0 0.0 0.0 0.4597925966538097 0.0 0.0 0.0 1.26182752631063 0.0 0.0 0.0 0.0 0.0 0.0 0.0 0.0 0.0 0.0 0.0 0.0 0.0 1.026442099373489 0.0 0.0 0.0 0.0 0.0 0.0 0.0 0.0 0.0 0.34813035817543125 0.0 0.0 0.0 0.0 0.0 0.0 0.0 0.0 0.0 0.0 0.0 0.0 0.0 0.0 0.0 0.0 0.0 0.0 0.0 0.0 0.0 0.0 0.0 0.0 0.0 0.0 0.0 0.0 -0.5057408291501886 0.0 0.0 0.0 0.0 0.0 0.0 0.0 0.0 -0.404704621811956 0.0 0.0 0.0 0.0 0.0 0.0 0.0 0.0 0.0 -0.3551333992431946 0.0 0.0 0.0 0.0
0.0 0.0 0.0 0.0 0.0 1.4917482198419063 0.0 0.0 0.0 0.0 0.0 0.0 0.0 0.0 0.0 0.0 -1.3822752491071646 0.0 0.0 0.0 0.0 -0.7544292674392248 0.0 0.0 -0.27770441716368766 0.0 0.0 0.0 0.0 0.0 0.0 0.0 0.0 0.0 0.0 0.4938879393465828 0.0 0.0 0.0 0.6218556527592622 0.0 0.0 -1.0159224151343287 0.0 0.0 0.0 0.0 1.3589739026839731 0.0 0.0 0.0 0.0 0.0 0.0 0.0 0.0 0.0 0.0 0.0 0.0 0.0 0.0 0.0 0.0 0.0 0.0 0.0 0.0 0.0 0.0 0.0 0.0 0.0 0.0 0.0 0.8523644080056312 0.0 0.0 0.0 0.0 0.0 0.0 0.0 0.0 0.0 0.0 0.0 0.0 0.0 0.0 0.0 0.0 0.0 0.0 0.0 1.0051692358054407 0.0 0.0 0.0 0.0
0.0 1.1882577264823468 0.0 0.0 0.0 0.0 0.0 0.0 0.0 0.0 0.0 0.0 0.5102969870597749 0.0 0.0 0.0 0.0 0.0 0.0 0.0 0.0 0.0 1.4746132653564215 1.2232943510644683 0.0 0.0 0.0 0.0 0.0 0.0 0.0 0.0 0.0 0.0 0.0 0.0 0.0 0.0 0.0 -0.03474652871122323 0.0 0.0 0.0 0.0 0.0 0.0 0.0 0.0 0.0 0.0 0.0 0.0 0.0 0.0 0.0 0.0 0.0 0.0 0.0 0.0 0.0 0.0 0.0 0.0 0.0 0.0 0.0 0.0 0.0 0.45923824875930236 0.0 0.0 0.0 -0.18163040264015462 0.0 0.0 0.0 0.0 0.3147509934440792 0.0 0.0 0.0 0.0 0.0 0.0 0.0 0.0 0.0 0.0 0.0 0.0 0.7643546683846574 0.0 -0.5318482461644058 0.0 0.0 0.0 0.0 0.0 0.0
0.0 0.0 0.0 0.0 0.0 0.0 0.0 0.0 0.0 0.0 0.0 0.0 0.0 -1.4299288926339635 0.0 0.0 0.0 0.0 0.0 0.0 0.0 0.0 0.0 0.0 0.0 0.0 0.0 -1.3747252563845367 0.0 0.0 0.0 0.0 0.0 0.0 0.0 0.0 0.0 0.0 0.0 0.0 0.0 0.0 0.0 0.0 0.0 0.0 0.0 0.0 0.0 0.0 -1.4227031952736657 0.0 0.0 0.0 0.0 -0.4063073879644186 0.0 0.0 0.0 0.0 0.0 0.0 0.0 -0.8017403927585351 0.0 0.0 0.0 0.0 0.0 0.0 0.0 0.0 0.0 0.0 -0.16077835968144932 0.0 0.0 0.0 0.7990055498869497 0.0 0.0 0.16521266363898524 0.0 0.0 0.0 0.0 0.0 0.0 0.0 0.0 0.0 0.0 0.0 0.0 0.11397882102850218 1.0391418396841987 0.0 0.0 0.0 0.0
0.0 0.0 0.0 1.356158043894319 0.0 0.0 0.0 0.0 0.0 0.0 0.0 0.0 0.0 0.0 0.0 0.0 0.0 0.0 0.0 0.0 -0.48198261796725317 0.0 0.0 0.0 0.0 0.0 0.0 0.0 -0.03288244732432537 0.0 0.0 0.0 0.0 0.0 0.0 0.0 0.0 0.0 0.0 0.0 0.0 0.0 0.0 0.0 -1.484957835296454 -0.8558647037776848 0.0 0.0 0.1492079252160388 0.0 0.0 0.0 0.0 0.0 0.0 0.0 1.2935517459788017 0.0 0.0 0.0 0.0 0.0 0.0 0.0 0.0 0.0 0.0 0.0 0.24828556770078425 0.0 0.0 0.0 0.0 0.0 0.0 0.0 0.0 -1.4502548940237858 0.0 0.0 0.0 0.0 0.0 -0.21684061743354038 0.0 0.0 0.0 0.0 0.0 0.0 0.0 0.0 0.0 0.0 0.0 0.0 0.0 0.0 0.0 0.0
0.0 0.0 0.0 0.0 0.0 0.13293418534337706 0.0 0.0 0.0 0.0 0.0 0.0 0.0 0.0 0.0 0.0 0.0 0.0 0.0 0.0 1.3422221831775314 0.0 0.0 0.0 0.0 0.0 0.0 0.0 0.0 0.0 0.0 0.0 0.0 1.195536119496467 0.0 0.0 0.0 0.0 0.0 0.0 0.0 -0.34441373186458013 -1.427069956147935 0.0 -1.4988585438006776 -0.43347908139298985 0.0 0.0 0.0 0.0 0.10831551106578619 0.0 0.0 0.0 0.0 0.0 0.0 0.0 0.0 0.0 0.0 0.0 0.0 0.0 0.0 0.0 0.0 0.0 0.0 0.0 0.0 0.0 0.0 0.0 0.0 0.0 0.0 0.0 0.0 0.0 0.0 0.0 0.0 0.0 0.0 0.0 0.0 1.034332796185129 0.0 0.4689086668444942 0.0 0.0 0.0 0.0 0.0 0.0 0.0 0.0 0.0 0.0
0.0 -0.7804150368781451 0.0 0.0 0.0 0.0 0.0 0.0 0.0 0.0 0.0 0.0 0.0 0.0 0.0 0.0 0.0 0.0 0.0 0.0 0.0 0.8681953460200473 0.0 0.0 0.0 0.0 0.0 0.0 0.0 0.0 0.0 0.0 0.0 0.0 0.0 0.0 0.0 0.0 0.5894139844035853 0.0 0.2636374188462036 0.0 0.0 0.0 0.0 0.0 0.0 -0.728025353000403 0.0 0.0 0.0 0.0 0.0 0.0 0.0 0.0 0.0 0.0 0.0 0.0 0.0 0.0 0.0 0.0 0.0 0.0 0.0 0.0 0.0 0.9954416343809271 0.0 1.261676529090645 1.1585035208940444 0.8028930320145012 0.0 0.0 0.0 0.0 0.0 0.0 0.0 0.0 0.0 0.0 0.0 0.0 0.0 0.0 0.0 0.0 0.0 0.0 0.0 0.0 0.0 0.0 0.0 0.0 0.0 1.5238404137408228
-0.37137902181876264 0.0 0.0 0.0 0.0 0.0 0.0 0.0 0.0 0.0 0.0 0.0 0.0 0.0 -1.3432589377234112 0.0 0.0 0.0 0.0 0.0 0.0 0.0 0.0 0.0 0.0 0.0 0.0 0.9510322038223955 0.0 0.0 0.0 0.0 0.0 0.0 0.0 0.3381857249635711 0.0 0.8452674582292228 0.0 0.0 0.0 0.0 0.0 0.0 0.8961638785298273 0.0 0.0 0.0 0.0 0.0 0.0 0.0 0.0 0.0 0.0 0.0 0.0 0.0 0.0 1.0703012837104047 0.0 0.0 0.0 0.0 0.0 0.0 0.0 0.0 0.0 0.0 0.0 0.0 0.0 0.0 0.0 0.0 0.0 0.0 -0.7042194968525823 0.0 0.0 0.0 0.0 0.9807920242499693 0.0 0.0 0.0 0.0 0.0 0.0 0.0 0.0 0.0 0.0 0.0 1.141686830465919 0.0 0.0 0.0 0.0
0.0 0.0 0.0 0.0 0.0 0.0 0.0 0.0 0.0 0.0 0.0 0.0 0.0 0.0 0.0 0.0 0.0 0.0 1.4445636818392547 0.0 0.0 0.0 0.0 0.7388666201999321 0.0 0.0 0.0 0.0 0.0 0.0 0.0 0.0 0.0 0.0 0.0 0.0 0.0 -0.5939512853480019 0.0 0.0 0.0 0.0 0.0 0.0 0.0 -0.6694244198556714 0.0 0.49813485995440904 0.0 0.0 0.0 0.0 0.0 0.0 0.0 0.0 0.0 0.0 0.0 -0.279807540916901 0.0 0.0 0.0 0.0 0.0 0.0 0.0 0.0 0.0 0.0 0.0 0.0 0.0 -0.7861493671723937 0.0 0.0 0.0 0.0 0.0 0.0 0.0 0.7046927776159551 0.0 0.0 0.0 0.0 0.8245554897340273 -0.001163560526145093 0.0 0.0 0.0 0.0 0.0 0.0 0.0 0.0 0.0 0.0 0.0 0.0
0.0 0.0 0.0 0.0 0.0 0.0 0.23540199711279225 0.0 0.0 0.0 0.0 -1.3237070851818151 0.0 0.5406456374394241 0.0 0.0 0.0 0.0 0.0 0.0 0.0 0.0 0.0 -0.5031015506950326 0.0 0.0 0.0 0.0 0.0 0.0 0.0 0.0 -0.8925713098129204 0.0 0.0 0.0 0.0 -0.3202018293392676 0.0 0.0 0.0 0.0 0.0 0.0 0.0 0.0 0.0 0.0 0.0 0.0 0.0 0.0 0.0 0.0 -0.6416167648590521 0.0 0.0 0.0 0.0 0.0 0.0 0.0 0.0 0.0 0.0 0.0 0.0 0.0 0.0 0.0 0.0 0.0 0.0 0.0 -0.5589768191650679 0.0 0.0 0.0 0.0 0.0 0.0 0.0 -0.37262909579769954 0.0 0.0 0.0 0.0 1.1385671452283375 0.0 0.0 0.0 0.0 0.0 0.0 0.0 0.0 0.0 0.0 0.0 0.0
0.0 0.0 0.0 0.0 0.0 0.0 0.0 0.0 -0.8362193251663756 0.0 0.33175312478458946 0.0 0.0 -1.0259362359208977 0.0 0.0 0.0 0.0 0.0 0.0 0.0 0.0 0.0 0.0 0.0 0.0 0.0 0.0 0.0 0.0 0.45503715178501025 0.0 0.0 0.0 0.0 0.0 0.0 0.0 -1.4479718145009803 0.0 -0.9779087393389758 0.0 0.0 0.0 0.0 0.0 0.0 0.0 0.0 -1.116758380632179 0.0 0.0 0.0 0.0 0.0 0.0 1.1761049089549773 0.0 0.0 0.0 0.0 0.0 0.0 0.0 0.0 0.0 0.0 0.0 0.0 0.0 0.0 -1.0943495211056367 0.0 0.0 0.0 0.0 0.0 0.0 0.0 0.0 0.0 0.0 0.0 0.0 0.0 0.0 0.0 0.0 0.0 0.0 -1.4220226302957042 0.0 0.0 0.0 0.0 0.0 0.0 0.0 0.0 0.0
0.0 0.0 0.0 0.0 0.0 0.0 0.0 0.0 0.0 -1.493082941678075 0.0 0.0 0.0 0.0 0.0 0.0 0.0 0.0 0.0 0.0 0.0 0.0 0.0 0.0 0.0 0.0 0.0 0.0 0.0 0.0 0.0 0.0 0.0 0.0 1.4266333367841215 0.0 0.0 0.0 0.0 0.0 0.0 0.0 0.0 0.0 0.0 0.0 0.0 0.0 0.0 0.0 1.5237378536440007 0.0 1.0468195504764808 0.0 0.0 0.0 0.0 0.0 0.6217847852235956 0.0 0.0 0.0 0.0 0.0 0.0 0.0 0.0 0.0 0.0 0.0 0.0 0.0 0.0 0.0 0.0 0.0 0.0 0.0 0.0 0.0 0.0 0.0 -0.09003448635780716 0.0 0.0 0.0 0.0847918447861252 0.0 0.0 0.38473739009924257 0.0 0.0 0.0 0.0 0.0 -0.42149901016281865 0.4598364123558648 0.0 0.0 0.0
0.0 0.13089366469702413 0.0 0.0 0.0 0.0 0.0 0.0 0.0 1.2089483026148584 0.0 0.0 0.0 0.0 0.0 0.0 1.4787622998243741 0.0 0.0 0.0 0.0 0.0 0.0 0.0 0.0 0.0 0.0 0.0 0.0 0.0 0.0 0.0 0.0 0.0 0.0 0.0 0.0 0.0 0.0 0.0 0.0 0.0 0.0 0.0 0.0 0.0 0.0 0.0 0.0 -0.5801879879197038 0.0 0.0 0.0 0.0 0.0 0.0 0.0 0.0 0.0 0.0 0.0 -0.675516635286361 0.0 0.0 0.0 0.0 0.0 0.0 0.0 0.0 0.0 0.0 0.0 0.0 0.0 -0.7316307489336118 0.0 -0.7868287722534157 0.0 0.0 0.0 0.0 0.0 0.0 0.0 0.0 0.0 0.2673898828846951 0.4153664461229082 0.0 0.0 0.0 0.0 0.0 0.0 0.0 0.0 -0.7277714610887082 0.0 0.0
0.0 -1.4696450790209095 0.0 0.0 0.0 0.0 0.0 0.0 0.0 0.0 0.0 0.0 0.0 0.0 0.0 0.0 0.0 0.0 0.0 0.0 0.0 0.0 0.11409392492080993 0.0 0.8579278919882176 0.0 0.0 -0.170413904241748 0.0 0.0 0.0 0.0 0.0 0.0 0.0 0.0 0.0 -0.22440697126606962 0.0 0.0 0.0 0.0 0.41212862187619187 0.0 0.0 0.0 0.0 0.0 0.0 0.0 0.0 0.0 0.0 0.0 0.0 0.0 0.0 0.0 0.0 0.0 0.0 0.0 0.0 0.0 0.0 0.0 0.0 0.0 0.0 0.5490070007587371 0.0 0.0 0.0 0.0 0.0 0.0 0.0 1.2488404463764804 0.0 0.0 0.0 -1.4560078257349496 0.0 0.0 0.0 0.0 0.0 0.0 0.0 0.0 0.0 0.0 0.0 0.0 0.0 -1.0466185623975175 0.0 0.0 0.0 0.0
-0.036474548474273935 0.0 0.0 0.0 0.0 0.0 0.0 -0.39749185549251775 0.0 -1.2821531653067249 0.0 0.0 1.1568795761833357 0.0 0.0 0.0 0.0 0.0 0.0 0.0 0.0 0.7708800216806995 0.0 0.0 0.0 0.0 0.0 0.0 0.0 0.0 0.0 0.0 -0.008875448735925526 0.0 0.0 0.0 0.0 0.0 0.0 0.0 0.0 0.0 0.0 0.0 0.0 0.0 0.0 0.0 0.0 0.0 0.0 0.0 0.0 0.0 0.39834353830079106 0.0 0.0 0.0 0.0 0.0 0.0 0.0 0.0 0.0 0.0 0.0 0.0 0.0 0.0 0.0 0.0 0.0 0.0 0.0 0.0 0.0 0.0 0.0 0.0 0.0 0.0 0.0 0.0 0.0 0.0 0.0 0.0 0.0 0.0 -0.037448347427762096 0.0 0.0 -1.0525560567297143 0.9857297474871025 0.0 0.0 0.0 0.0 0.0 0.0
0.0 0.0 0.0 0.0 1.1638243146135407 0.0 0.0 0.0 0.0 0.0 0.0 0.0 0.0 0.0 0.0 0.0 0.0 0.0 0.0 0.0 0.0 0.0 1.521272983022325 0.0 0.0 0.0 0.0 0.0 0.0 0.0724458019113878 -0.25433187366779225 0.0 0.0 0.0 0.0 0.0 0.0 0.0 0.0 0.0 0.0 0.0 0.0 0.0 0.0 0.0 0.0 0.0 0.0 0.0 0.0 0.0 0.0 0.45289732622003265 0.5689132801539111 0.32383814398702665 0.0 0.0 0.0 0.0 0.0 0.0 0.0 0.0 0.0 0.0 0.0 0.0 0.0 0.0 0.0 0.0 0.0 0.0 0.0 0.0 0.0 0.0 -0.5810896926148896 0.0 0.0 0.0 0.0 0.0 -0.3212086414965441 0.0 0.0 0.0 0.0 0.0 0.0 0.0 0.0 0.0 0.0 0.0 0.0 0.0 0.0 1.4856429069299728
-1.1392940889367993 0.0 0.0 0.0 0.0 0.0 0.0 0.0 0.0 0.0 0.0 0.0 0.0 0.0 0.0 0.0 0.0 -0.8213524652206465 0.0 0.0 0.0 0.0 0.0 0.0 0.0 0.0 0.0 0.0 0.8320632199064412 0.0 0.0 0.0 0.0 0.0 0.0 0.0 0.0 0.0 0.0 0.0 -0.7479206437683975 0.0 0.0 0.0 0.0 0.0 0.0 0.0 0.0 0.0 0.0 0.0 0.0 0.0 0.0 0.0 0.0 0.17147931278981482 0.0 0.0 0.0 -0.2701309855579177 -1.005789923090583 0.0 1.3652531403288726 0.0 0.0 0.0 0.0 0.0 0.0 0.0 0.0 0.0 0.0 0.0 0.0 -0.7219236571571831 0.0 0.0 0.0 0.0 0.0 0.0 0.0 0.0 0.0 0.0 0.0 0.0 0.0 0.0 0.0 0.0 0.0 0.0 0.0 0.0 0.0 1.4444098553123088
0.0 0.0 0.0 0.0 0.0 0.0 0.0 0.0 0.0 0.0 0.0 0.0 0.0 0.0 0.0 0.0 0.0 0.0 0.0 0.0 0.0 0.0 0.0 0.0 0.0 0.0 0.0 -0.7965703660325465 0.0 0.0 -0.9122505312656317 0.0 0.0 0.0 0.0 0.0 0.0 0.0 0.0 0.0 0.0 0.865744259461989 0.0 0.0 0.0 0.0 0.0 0.0 0.0 0.0 0.0 0.0 0.0 1.0232238757889904 0.0 0.0 0.0 0.0 0.0 0.0 0.0 0.0 0.0 0.0 0.0 0.0 0.0 0.0 0.0 -1.2051812676153404 0.0 0.0 0.0 0.6818430197085079 -0.13957120570168952 0.0 0.0 0.9885086787478288 0.0 0.0 0.0 1.0144372083480646 0.0 0.0 0.0 0.0 0.0 0.0 -0.1462309306731449 0.0 0.0 0.0 0.0 0.0 0.0 0.0 0.0 0.0 0.0 0.0
