-0.45002459369451075 3.7558023153138316 1.9332055171144387 0.0986584841970366 -0.22530779051020408 -0.2253235891797873 -0.28945523402982937 0.23984537548258256
0.36269954712289 1.733868790774447 -3.9949694090330783 0.4699098521619943 0.21774992972427626 -0.18841788250572913 -0.20840464647934911 -0.20737004604600087
-0.7021830745041382 0.20629534479143793 -0.5671021596552493 -0.2087708598019581 0.07326364604315856 -0.23613152127291262 -0.1361452552094321 -0.08753299264263194
-0.15757696661349213 2.3763712862879824 -2.5026183732743883 0.014234438413611605 0.06053154260463782 -0.2970749796684015 0.07044187799544213 -0.21580669898482405
-1.5601599359618024 3.740563181932026 3.8801117316103033 0.30839734811646113 -0.1279779811914422 -0.2635247653258186 0.12067263236546277 -0.03920011660056115
-1.3557488516117784 -0.04019080804278555 -3.8799404535468853 0.40932040207878206 -0.15799911205198894 0.1064520962518582 -0.12332924516143583 0.013144553871466083
0.1675497720043441 -2.626107822105783 3.9130487031620667 0.27513282336111455 0.2878718067245439 0.25861191453011 0.06412448612126077 0.27632762394014154
-1.4760773951397648 -2.533374807461263 -3.7896210015084866 -0.17466966923673566 -0.07291637525338929 -0.14976638418809818 0.21532306849451371 -0.09382657101569902
-0.7857879137513653 0.35578646095768446 -2.9921784332853028 0.30219698075403967 -0.2786693283897501 0.3189109434733388 0.17832032388931063 -0.19734122859511707
-1.7736921658776383 2.628740083314133 1.7237422462821934 0.2290071680409873 0.17768207707929445 -0.27900075311417083 -0.09270494780350144 -0.25160576601104007
1.302451988615754 1.02744329085404 -1.4091267589028744 -0.43644164971397637 -0.12380657927624127 -0.1145049240724807 0.15039204681143198 0.0901001437376646
1.3889321076212833 -0.23153302862547653 -3.169921148596132 0.213244787222995 0.17081420684406784 0.040136564408020034 0.17748350287023745 -0.004063884381324064
0.08154265899321268 -0.6038006940182059 -3.9546824168414547 -0.39210857300669555 -0.3069138833751891 0.08934881937777617 -0.12159683239500603 0.005613802712880315
1.4619409419728957 -2.0891478545024253 -0.7467791023440975 0.2555511385430487 -0.1776372016029873 -0.2770781590621406 -0.13771279834148195 -0.22190005684862713
1.5413254789528097 2.5675671229102868 1.1116535030013588 0.3714605901877177 0.19890521036891998 -0.20529661142964653 0.2571261440109355 0.025769168454751225
1.1027878365734924 3.300628802262469 -1.5165770430594583 -0.38994807547232324 -0.17820246853502822 -0.04774439844980212 0.208299671679233 0.23627853203290497
-1.768562707784619 0.08955727237885525 -0.6882141107612246 -0.27789218952926975 -0.24898818439643777 -0.1063620627306237 0.29010585606270006 -0.11580207952640532
0.0674019601934542 1.691756984473517 -1.1363745233733433 0.47178208272096067 0.3029029781870829 -0.16258259623438648 -0.0018022286404875299 -0.13042470707001588
-0.7717771466680237 -3.8591210676946783 0.9129995950544805 0.002679023228861488 -0.293781417931257 -0.14498656592501952 0.2674141553081582 -0.17058696161313308
-1.2737620938087828 -0.0878901486070674 4.046925234103636 -0.2579447284884996 0.11274878355085045 0.17136084804031002 -0.17184740868497822 0.14948170834076802
-0.4742619029360387 1.1025044863362978 1.1127030797705355 0.03577468407475848 -0.26836020061436255 0.21962313461095087 -0.11738905744351304 -0.20533037568809548
-1.647239567243062 0.7574108955876191 1.4796438272317394 -0.48341217107214385 0.00792095318602904 -0.17914526724535065 0.09508817771818966 -0.2132899890017306
0.6848936665735454 -0.9438343592776218 3.639270996143209 -0.36247905585400675 -0.10410154006208068 -0.25317484358741416 0.2781743199724586 0.24715727646454258
-0.8682633813857369 1.333147055602814 2.6434125942767315 0.05520081159946233 0.01942112882318425 -0.16908674946020416 -0.266517687087136 0.26017632145942904
1.4362995710448665 1.1091344434581418 -1.3413647511911773 -0.1507904253873391 0.1480009696600068 0.260107220268938 0.2535416078936518 0.18331848253674363
0.5094675147554302 -3.4653616716962583 -2.8196479254495834 0.39855418852707925 0.06971103407703141 -0.32147593119110757 -0.261036139422749 0.10709365876577656
-1.7753440987436138 -2.8264865075379837 0.40609866679176215 0.19189519769269325 0.09953462497420336 -0.18060360230333336 0.138977389982636 -0.17210184768959597
-0.6262912827027067 2.054012878848495 1.2468909477604397 0.34922341049417793 0.1032364444567249 0.04474213518473391 -0.26614302707259946 -0.08664614899607105
-0.8422191071256508 -2.1333343017220967 3.9415969527521293 -0.1069022753332396 0.2567904936410092 0.0858958000282072 0.19310140381977972 0.0017272959839008334
0.27585423415475013 -0.06235005740740712 -2.5395401826788953 0.22245211526150532 -0.14359410260123945 -0.31157304198739777 0.09528435381919492 -0.21149250498838296
1.5799249420739037 3.782586832162561 3.4570649637069977 -0.1298412997445556 -0.31737591617359184 0.28054865849496013 -0.04703938285215912 0.30565890647360355
1.66300485781915 2.9416277924095113 -1.7128573823841424 -0.11490227139807474 0.22999451984354127 -0.11991608662263814 -0.21648225092060944 0.037204826910219355
1.5644871749147213 1.63351629569255 0.5838197303546783 -0.40282350622923146 0.07532973348795619 0.32098527181829245 -0.23574497002007677 0.012005922298247563
1.3536372090055762 2.0063248917457854 1.641732169713568 0.20248408398710926 -0.09203329595106037 -0.13519734200675684 0.20263155683842643 0.2031242735148634
1.316688406746832 3.4435335244530756 0.09451620970819466 0.0015162946871996041 0.19538334222323772 0.09822637465943618 0.1322883046037957 0.1937441984806462
1.3989491610996103 -1.3499863579561522 -1.0367672556513465 -0.406018060159131 0.051273492352493955 -0.30395781066313393 -0.0225332981232386 0.02793223573346269
-0.7656765286158439 0.7569135603215666 -3.912341417257901 -0.4626518112507856 0.21130336723207616 -0.09157512987562282 -0.2442753642130155 0.014569335335896863
0.9684668749647172 -2.368063377868806 1.024046334999729 -0.414652535006232 -0.29364847263456195 0.020537283677136937 0.02661600465461977 0.0900165854813253
0.810989614063187 3.965275378161301 0.13583080239386053 -0.17704352705875404 0.1933469575735009 -0.1501048754233414 -0.03997371943780835 -0.2761110702208158
-1.702566883368754 3.8552492395111497 2.7997223442282113 0.19597420609369798 -0.05963582140865323 -0.21399222035359602 -0.22503373705043864 -0.16359090170219007
0.17657604630085413 1.7882278238596194 1.3349247401888547 -0.22006610305405716 0.29793675883439213 0.15582248043572838 0.03560190439496745 0.07317708878350072
-0.2883945760715176 -2.102157664486855 -1.2001796687990371 0.2578461104643691 -0.3180722649475099 -0.25147242046796986 -0.29736826947575196 -0.30082263448107455
1.275037114847483 1.6970809422137374 -0.21520948221531916 -0.4021658393489985 -0.005491601798474807 -0.01737599013872948 -0.21405277520894006 -0.04332716974912766
-0.3640635177166215 0.9653788670691198 1.1257353926800757 -0.4546959902279555 -0.08212873741966135 0.08243824479282483 0.0020542493699574455 0.2335008459783511
0.5692340566171558 -2.8087674191304464 -3.5784506279122184 0.1424192782063156 -0.3101350915952377 0.05618300573411846 0.28835080813334724 0.04943558650870072
-0.4011344746972059 1.194020724280129 -0.34787866353419195 0.045616789315934936 0.289159449748624 -0.07460277224049287 0.3020798193046638 0.2655046704812218
-1.0911971995107936 -3.5885122798072464 -3.3267169145219038 -0.48177817434845027 -0.2656398607048669 0.11986943658771373 -0.28087143525855 -0.11857096215758635
1.2370677404474335 -3.9725749595133633 2.620465865413602 -0.21814522522660007 -0.25010203790781516 0.1288628433135187 0.08445756464082402 0.2472441688602197
0.8431998341245383 2.528906592896943 -1.8163059067633032 -0.3225604562202772 0.16415266232476222 0.20097675422005792 0.32128086801044103 -0.05723542162301566
-0.45907112626128677 2.30334920186306 -1.3265840990716022 0.4307573256035647 0.23476035245717275 -0.04650891206936298 0.16432054940343077 0.16672558252546693
-1.42359468248551 3.3544733713608292 0.04376801960799359 0.3264574661077416 -0.11786751132494931 0.25906771466501133 -0.07257290042912316 -0.32040133828040457
1.4541051494158987 -3.405808122341149 -1.505659457959073 0.4500619670508049 0.29514768124409924 0.0481018167207524 0.08635337397121852 -0.03376818310420055
-0.7417529619190426 -1.4277383434324904 1.4375962944899612 0.25237452943768 0.1909842736404308 0.1896998835304328 -0.26776000250310783 -0.0036547004198091374
-1.587036727820297 0.4127241764036882 -0.48722633205564936 0.38770418275829976 -0.09765066677838846 -0.25082110423991816 -0.23384044825539252 0.17128946377494433
0.42404819311542846 -3.323844739868789 -3.4656379846437266 0.20096913145912 -0.27984023083145326 0.21081833883518333 0.135088658787505 -0.27421654867955564
-1.4891871195764166 4.055167607650295 -1.0477014589642493 -0.12935785293310909 0.2048837165536642 0.29294781818642746 0.31833069680398046 0.16596271134460677
-0.4438568667006052 -3.4706885277499935 2.309465250423331 0.05840424973580505 -0.04963458394323054 0.2661621222370521 -0.25466564908947087 -0.004830556689487257
-1.7527744762192679 -0.2611508702629458 -3.6973248037432493 -0.3811820837319281 -0.2505203083609963 0.09773274788602164 0.16115939591885226 0.05460654113863956
1.657812931378182 -1.042703460828974 -1.7856611850132547 0.3685991281894603 -0.18104472576975852 0.3034107633336004 -0.31953881907817033 0.3077706314935036
-1.6386853958332837 3.2593955664460266 0.23083334201613673 0.49296479611930033 -0.2791632500983138 0.03527455628286511 0.3073931608305098 0.015129087931447476
0.4641529149911867 1.6311738253088148 -0.37880930729014567 0.12755808008406344 0.055225874309630656 0.2627584968715978 -0.2977326208763451 -0.14346911081708916
1.6156259933826163 3.252068111163006 -0.3695122790366541 0.12013259780153673 -0.1458153251473581 -0.20428064038093635 -0.023777544764311688 -0.09605429064293541
0.30007447320907815 -3.5187372701707815 3.953131932282165 0.4862107444796029 0.12979592268293308 0.023643119955398858 -0.12475941133245533 0.20553573790805138
0.662630715950765 -2.811413044439021 3.4242562283871893 0.322537242923169 0.29461894320621024 0.14784627799437577 0.07428695333794236 -0.05355081122964464
1.5521970697908456 3.0504103912069027 -3.7896928220051236 -0.473633025502748 -0.08091649469487752 0.20341243166210055 0.31916586470128866 -0.22897693632718905
0.3376468759681087 -0.9925364916936977 3.9157966769890886 0.3421189231357087 0.2216053015857953 -0.020505980334294467 -0.05579322596882931 -0.14841836788538743
-1.5912810935131245 3.0392315613333585 2.6074041090809366 0.4997176732861306 0.325297128283408 0.03630776716972098 0.17618675694323438 0.29132155307299035
1.254185190359875 -2.105348268173934 -0.4121157204609907 -0.370840584848505 0.29740342285446314 0.06954438556532644 -0.17773896239523193 0.11246394828583617
0.42372599852247234 -1.1819300706323401 -3.2202245842004915 0.1715731955927996 0.013301544091984613 0.17836854658684376 0.013207093228355669 0.23067888270864378
0.18618983068407965 0.5077961168043738 3.1386544709519892 -0.09651713378760296 -0.23972002536483034 -0.308647347014763 0.16711490246622046 0.07880275613651935
0.7320341281719149 -2.391869642146247 -3.0301164939354477 -0.48545533433211807 -0.09786514898167899 0.05889608488978467 -0.07058015045967533 -0.04095392607445746
1.4497172371490756 -1.2644871932948383 0.11657441316870337 0.2836530127411431 -0.06776447757956805 0.07996678864925715 0.2373482292291181 0.2944360084957556
-1.265947423907541 3.554754680470733 -0.06569492976820825 -0.24175561170104165 -0.026766079663938847 0.3144213368119875 -0.0048351484346704126 -0.11216769526168213
0.47850886443409535 -2.1653665587213173 -3.5343308868705035 -0.3711202780893508 -0.24362997548265905 -0.2280037357494472 -0.23656820191463637 0.09227295784610556
-1.1410961372602675 -1.286054528062248 3.3064378197467965 -0.026038359737127648 0.1097503187312728 -0.21463048436293247 -0.20155069268032064 -0.3007310563454564
-1.1875299287601457 -1.845006704846689 -2.6914716345218688 -0.4112974662429444 -0.24848350442910647 -0.02568990693856462 -0.19235141444420592 -0.08890324101351058
0.012257750556371629 1.5865601069685011 -3.838911938704123 0.29941039890904264 0.08377475511654459 -0.27394783407348894 0.24469399878993908 0.27567142234833764
-1.574413358000604 -1.8592785579893514 2.5515752645155803 0.24825969038365836 -0.20663873232157287 -0.19037619321445476 -0.0848407726716448 -0.01013744469988103
0.42417986547917164 -1.0923426414650865 -0.3121982104624786 0.24747093813375654 -0.3034725021066584 -0.1621538014546664 0.13974397875438185 0.2588604786851156
0.041886984868894396 0.26760167271587537 -3.2734356295056464 -0.052587633176545356 0.021364309528040172 -0.1686818201192521 -0.15114568372815548 -0.08037887316647217
-1.7215046135712957 -1.4826143131953753 -2.4045037576977935 -0.17250264782208535 -0.24905580365839047 0.2557953688846312 0.061303057077901874 0.1173120190396407
1.0372572328845224 -0.012981156324165698 -3.4421932393674983 0.03710654181854778 0.05688093230367583 0.16076285559073614 -0.04476299721956 -0.24393490166890575
-0.7755958258999753 -1.1409352241101738 1.215928372016233 0.07077830466891188 -0.09425664453691071 0.3186674879594017 0.06928250667876108 -0.17211645141292362
-1.4284062707106118 -2.8927247931769613 -2.116934249371894 -0.33931862674044433 -0.20529859924639474 -0.14076266450553016 -0.2139402950819356 0.25988135313030847
-1.5057015543116894 0.20425340928893218 -0.7466632406951507 0.4823786169086064 -0.2541145190799257 -0.06690458262503923 0.3075031337953666 0.2394071674605571
1.1373375184950671 -2.0173957422345166 -2.7424937342785816 0.168643219924431 0.2812412728785687 0.037179694924124006 0.046906311602784405 -0.14411369365251386
0.9666711513594777 -2.6078644432701577 -1.4692809230434374 -0.07456356138358322 0.004984798038318039 -0.16872162526812245 -0.2522818797958217 0.07245612779926935
-0.7581822055272026 0.6769580991146281 -2.880195493620072 -0.01885989814518252 0.02134607832128874 -0.2935555833813104 -0.10702419778298203 -0.23945838660497187
-1.5661739809141821 4.082838616505414 -1.4803254098256335 0.30987444585463486 -0.16071037112973469 0.11888428305667367 0.1704492482277447 0.062643375098138
-0.10195621167058193 -0.7346296624108113 -1.2593807348972201 0.42952914424782584 0.21655571210096258 0.30459262648656577 -0.24608531861696822 0.151218196258387
1.5723272186170627 -2.656284859641554 -3.6123866040326433 0.24112064929005905 0.04877988913284229 0.2238978487766682 -0.2359490933097804 0.19340008926822808
-1.0702628029887404 -2.8027550281000844 -2.797673105841036 0.3145747202313821 0.1082041795560111 0.015107853223773159 -0.09246603289910588 0.24706635423258594
-0.38579939967500687 2.638223129116652 -0.50718880688437 -0.12305557057509242 -0.024444740386407784 -0.13009749242248694 0.16218414401544448 0.0017818555105738449
-0.9605530625083664 3.329654919096979 -0.9675344522970293 0.043552861113988595 0.26623923268177824 0.08137588732366483 -0.25093178333602156 0.2880900409668262
0.45808878636717587 -1.3757315130625014 -3.005945818495994 0.294025189270296 0.07864765513317636 0.0219170152444906 0.25799964189837726 0.18903117335206765
-1.2494422063986217 -1.5689200090596966 -2.095839997926057 0.24394629257267697 -0.3055362552480645 0.04577774359071233 0.1719104391601523 0.2467814920789459
-0.56645276735604 2.677037119831883 -3.244605735952258 0.3464522917345182 -0.24399492617255153 -0.06727682468295944 0.19472846458560764 -0.22930408508655317
-0.971175245300515 1.8520306524194214 1.8335644590384377 0.1411476328852973 0.12703623112595053 0.027984510392675497 -0.16257161641594595 -0.10106912425493277
-1.1421089898332861 3.403618527593125 0.6949038257860819 -0.09914858323636011 -0.024886198613093092 0.29297058744573906 -0.22705483095896747 0.05648053997100219
0.021122691158579475 0.9287481438769204 -4.015587838220936 0.3721239089441515 0.2830374750267661 0.04266223525093186 0.12880628963936444 0.27673709467112867
