0.0 0.0 0.0 0.0 0.0 -0.017930290126138816 0.013607652811067952 0.0 0.0 0.0 0.0 0.0 0.0 0.0 -0.006148005921030504 0.0 0.0 0.0 0.0 0.0 0.0 0.0 0.0 0.0 -0.011941422347841167 0.0 0.0 0.0 0.0 0.0 0.0 0.0 0.0 0.0 -0.011363587567066694 0.0 0.0 -0.0002968991625371292 0.0 0.0 0.0 0.0 0.0 0.0 0.0 0.0 0.0 0.0 0.0 0.0 0.0 0.0 0.0 0.0 0.0 0.0 0.0 0.0 0.0 0.0 0.0 0.0 0.0 0.0 0.0 0.03503411302840033 0.0 0.0 0.0 -0.034527095414443626 0.0 0.0 0.0 0.0 0.0 0.0 0.0 0.0 0.0 0.0 0.0 0.0 0.03271646063125989 0.0 0.014452574228185064 0.0 0.0 0.0 0.0 0.0 0.0 0.0 0.0 0.0 0.0 0.0 0.0 0.0 0.0 0.0
0.0 0.0 0.0 0.0 0.0 0.0 0.0 0.0 0.0 0.0 0.0 0.0 0.0 0.0 0.0 0.0 0.0 0.0 0.0 0.0 -0.02070996024822985 0.0 0.0 0.0 0.0 0.0 0.0 0.0 0.0 0.0 0.0 0.0 -0.03422936909713367 0.0 0.0 0.0 0.0 0.0 0.0 0.0 0.0 0.0 0.0 0.0 0.0 0.0 0.0 0.0 0.0 0.0 0.0 0.0 0.0 0.0 0.0 -0.03655249393617308 0.0 0.0 0.0 0.0 0.0 0.0 0.0 0.0 0.0 0.0 0.0 0.0 0.0 0.0 0.0 -0.009375493154904997 0.0 0.0 0.0 0.0 0.0 0.03462891099562721 0.0 0.029306933342340424 0.0 0.0 0.0 0.03470758300639514 0.0 0.0 0.0 0.0 0.0 0.0 0.0 0.027617794361150166 -0.016055815335801665 0.03520631444358678 0.0 0.0 0.0 0.0 0.0 0.0
0.0 0.0 0.0 -0.01440255349927773 0.0 0.0 -0.001782446115114936 0.0 0.0 0.0 0.0 0.0 0.0 0.0 0.0 0.0 0.0 0.0 0.0 0.0 0.0 0.0 0.0 0.0 0.0 0.0 0.0 0.0 0.0 0.0 0.0 0.0 0.0 0.0 0.0 0.0 0.0 0.0 -0.035800962422364135 0.0 0.0 0.0 0.021864851175787185 0.0 0.0 0.0 0.0 0.0 0.0 0.0 0.0 0.0 0.0 0.0 0.0 0.0 0.0 0.0 0.0 0.0 0.0 0.0 0.0 0.0 0.0 0.0 0.0 0.0 0.0 0.0 -0.01733253101514799 0.0 0.02370563440243512 0.0 0.0 0.0 0.0 0.0 0.0 0.0 0.0 0.03506357511970837 0.0 0.0 0.0 0.0 0.0 0.0 -0.00013747590276115622 0.024828462602847143 -0.030839077410908158 0.0 0.0 0.0 0.0 0.0 0.0 0.0 0.0 0.0
0.0 0.0 0.0 0.0 0.0 0.0 -0.02960571870600493 0.0 0.0 0.0 0.0 0.0 0.0 0.0 0.0 0.0 0.0 0.0 0.0 0.01870283795482791 0.0 0.0 0.0 0.025807689001158655 0.0 0.0 0.0 0.0 0.0 0.0 0.0 0.0 0.0 0.0 0.0 0.0 0.0 0.0 0.0 0.0 0.0 0.027514085243420684 0.0 -0.010928260391473654 0.0 0.0 0.0 0.0 0.0 0.0 0.0 0.0 0.0 0.0 0.0 0.0 0.0 0.0 -0.03518001682839549 0.0 0.0 0.0 0.0 0.0 0.0 0.0 0.0 0.0 0.0 0.01778791011897203 0.0 0.0 0.0 -0.007705140651692552 0.0 0.0 0.0 0.0 0.0 0.01402363175713486 0.0 0.0 0.0 0.0 0.0 0.0 0.0 0.0 0.0 -0.02748921645753346 0.0 0.0 0.0 0.0 0.0 0.0 0.0 0.0 0.0 0.0
0.0 0.0 0.0 0.0 0.0 0.0 0.03218305923897858 0.0 0.0 0.0 0.0 0.0 0.0 0.0 0.0 0.00716586358747213 0.0 0.0 0.0 0.0 0.0 0.0 -0.011323752057043154 0.0 0.0 0.0 0.0 0.0 0.024772111808667716 0.0 0.0 0.0 0.0 0.0 0.0 0.0 0.0 0.0 0.0 0.0 0.0 0.0 0.0 0.0 0.0 0.0 0.0 0.0 0.0 0.0 0.0 0.0 0.0 0.0 0.0 0.0 0.0 0.0 0.0 0.0 0.0 0.0 0.0 0.0 0.0 0.0 0.0 0.0 0.0 0.0 0.0 0.01949792870313431 -0.018383884884930615 0.0 0.0 0.0 0.03484277799101948 0.0 0.0 0.0 0.0 0.0 0.0 0.0 0.013599339974002608 0.0 0.0 -0.006605440213890718 0.0 0.0 0.0 0.0 0.0 0.0 -0.0021296929904249242 0.0 0.0 0.0 0.0 0.0
0.0 0.0 0.0 0.0 0.0 0.0 0.0 0.0 0.0 0.0 0.0 0.0 0.0 0.0 0.0 0.03351331663545923 0.0 0.0 0.0 0.0 0.0 0.0 0.0 0.030603717553586596 0.0 0.0 0.0 0.0004412173281279045 0.0 0.0 0.0 0.0 0.0 0.0 0.0 0.0 0.0 0.0 0.0 0.0 0.0 0.0 0.0 0.0 0.0 0.0 0.0 0.008350861191758336 0.0 0.0 0.0 0.0 0.0 0.0 0.0 0.0 0.006460888228721874 0.0 0.0 0.0 0.0 0.0 0.0 0.0 0.0 0.0 0.0 0.0 0.0 0.0 0.0 0.0 0.0 0.0 0.0 0.0 0.0 0.0 0.0062482444019079705 -0.00742884335204858 0.0 0.0 0.0 0.0 -0.02385672702128319 0.0 0.0 0.0 0.0 0.0 0.0 0.0 0.0 0.0 0.0 0.0 0.0 -0.0028467671831664105 -0.02597312074867541 0.0
0.0 0.0 0.0 -0.035561077137521734 0.0 0.0 0.0 0.0 0.0 0.03342581181636241 0.0 0.011907593944394569 0.0 0.0 0.0 0.0 0.0 0.0 0.0 0.0 0.0 0.0 0.0 0.0 0.0 0.0 0.0 0.0 0.0 0.0 0.0 0.0 0.0 0.0 0.0 0.0 0.0 0.0 0.0 0.0 0.0 0.0 0.0 0.0 0.0 0.0 0.0 0.0 0.0 0.0 0.0 0.0 0.0 0.0 0.0 0.0 0.0 0.0 -0.0068382171905656776 0.0 0.0 -0.025763237434123957 0.0 0.0 0.0 0.0 0.0 0.0 -0.035432980256235085 0.0 0.0 0.0 0.0 -0.009492472941121152 0.0 0.0 0.0 0.0 0.0 0.0 0.0 0.0 0.0 0.0 0.0 0.0 0.0 0.0 0.0 0.0 0.0 0.0 0.0 0.01618201495300564 0.0 -0.017177269258393874 0.010789362939650072 0.0 0.0 0.0
0.0 0.0 0.0 0.0 0.0 0.0 0.0 0.0 0.0 0.0 0.0 0.0 0.0 0.0 -0.03394419522820446 0.0 0.0 0.0 0.0 0.0 0.028014225987231443 0.0 0.0 0.0 0.0 0.0 -0.006086229640895385 0.0 0.0 0.0 0.0 0.0 0.0 0.0 0.0 0.0 0.0 0.0 0.0014174349702143181 0.0 0.0 0.0 0.0 0.0 0.0 0.0 0.0 0.0 0.0 0.0 0.0 0.0 0.007298810056974554 0.0 0.0 -0.008756005776247586 0.0 0.0 0.0 0.0 0.0 0.0 0.0 0.0 0.0 0.0 0.0 0.0 0.0 0.0 0.031050382456349186 0.0 0.0 0.0 0.0 0.007531363394484689 0.0 0.0 0.0 0.0 0.0 0.0 0.0 0.0 0.0 0.0 0.0 0.0 0.0 0.0 -0.02432325142693336 0.0 0.0 0.0 0.0 0.0 0.012365598806635701 0.0 0.0 0.0
0.0 0.0 0.0 0.028846528997690635 0.0 0.0 0.0 0.0 0.0 0.0 0.0 0.0 0.0 0.0 0.0 0.0 0.0 0.0 0.0 0.0 0.0 0.0 0.0 0.0 0.0 0.0 0.0 0.0 0.0 0.0 0.0 0.004546321839207706 0.0 0.0 0.0 0.0 0.0 0.0 0.0 0.0 -0.0014189642828258647 0.0 0.0 0.0 0.0 0.0 0.0 0.0 0.0 0.0 0.0 0.0 0.0 0.0 0.0 0.0 0.011251494339314163 0.0 0.0 0.0 0.0 0.0 0.0 0.0022676565013305637 0.0 0.0 0.0 0.0 0.0 0.010830355709699488 0.0 0.0 0.0 0.0 0.0 0.0 0.0 0.005426749042781664 0.0 0.0 -0.004418246019083786 0.0 -0.010137743839332755 0.0 0.0 0.0 0.0 0.0 0.0 -0.007156558459976859 0.0 0.0 0.0 0.0 0.0 0.0 0.0 0.0 0.0 0.0
0.0 0.0 0.0 0.0 0.0 0.0 0.0 0.0 0.0 0.0 0.0 0.0 0.0 0.0 0.0 0.0 0.0 0.0 -0.03413820231884099 0.0 -0.03485086472658693 0.0 -0.008154254285493137 0.0 0.0 0.0 0.0 0.0 0.0 0.0 -0.001747520571157193 0.0 0.0 0.0 0.0 0.01857211931947087 0.0 0.009211251740820487 0.0 0.0 0.0 0.0 0.0 0.0 0.0 0.0 0.0 0.0 0.0 0.0 0.0 0.026982994801478997 0.0 0.0 0.0 0.0 0.0 0.0 0.0 0.0 0.0 0.0 0.0 0.0 0.0 0.0 0.0 0.0 0.0 0.0 0.0 0.0 0.0 0.0 0.0 0.029590029705749598 0.0 -0.017011329700221924 0.0 0.0 0.0 0.0 0.0 0.0 0.0 0.0 0.0 0.0 0.0 0.0 -0.0031894583577718677 0.0 0.0 0.0 0.0 0.0 0.0 0.0 0.0 0.0
-0.011547422972890362 0.0 0.0 0.01870550531366587 0.0 0.0 0.0 0.0 0.0 0.0 0.0 0.0 0.0 0.0 0.03513131528927915 0.0 0.0 0.0 0.0 0.009059760724821132 0.0 0.0 0.0 -0.03403590008121743 0.0 0.0 0.0 0.0 0.0 0.0 0.0 0.0 0.0 0.0 0.0 0.0 0.0 0.0 0.0 0.0 0.0 0.0 0.0 0.035476809311097646 0.0 0.0 0.0 0.0 0.0 0.0 0.027837903904755473 0.0 0.0 0.0 0.0 0.0 0.0 0.0 0.0 0.0 0.0 0.0 0.0 0.0 0.0 0.006156734235526834 0.0 0.0 0.0 0.0 0.0 0.0 0.0 0.0 0.0 0.0 0.0 0.0 0.0 0.0 0.0 -0.02771629493974536 0.0 0.0 0.0 0.0 0.0 0.0 0.0 0.0 0.0 -0.032416848563377676 0.0 0.0 0.0 0.0 0.0 0.0 0.0 0.0
0.0 0.0 0.0 0.0 0.0 0.0 0.0 0.0 0.0 -0.02170245431049879 0.0 0.0 0.0 0.0 0.0 0.0 0.0 0.0 0.0 0.0 0.0 0.0 0.0 0.0 0.0 0.0 0.0 0.0 0.0 0.0 0.005312616882277032 0.0 0.0 0.0 0.0 -0.03203729625200454 -0.02652977340221371 0.0 0.0 -0.03608696424754954 0.0 0.0 0.0 0.0 0.0 0.0 0.0 0.0 0.0 0.0 0.0 0.0 0.0 0.0 0.0 0.0 0.0 0.0 0.0 0.0 0.0 0.0 0.0 0.0 0.0 0.0 0.0 0.0 0.0 0.0 -0.0013219722696801352 0.0 0.0 0.033060324141769425 0.0 0.0 0.020665047457860526 0.0 0.0 0.0 0.0 0.0 0.0 0.0 0.0 0.0 0.0 0.0 0.0 0.0 0.0 -0.011537419501499783 0.0 0.0 0.0 -0.02976132294531604 0.0 0.0 0.0 0.0
0.0 0.0 0.0 0.0 0.0 0.0 0.0 0.0 0.0 0.0 0.0 0.0 0.0 0.0 0.0 0.009857329621125193 0.0 0.0 0.0 0.0 0.0 0.0 0.0 0.0 0.0 0.0 0.016170980983787515 0.0 0.0 0.0 0.0 0.0 0.0 0.0 0.0 0.0 0.0 0.0 0.0 -0.021679031646649794 0.0 0.0 0.0 0.0 0.0 0.0 0.0 0.017466312380050576 0.0 0.0 0.03064732165334946 -0.027605295644996097 0.0 0.0 0.0 0.0 0.0 0.0 -0.019664925732645333 0.0 0.0 0.0 0.0 0.0 0.030896888273332895 0.0 0.0 0.0 0.0 0.0 0.00921343963788182 0.0 0.0 0.0 0.0 0.0 0.0 0.0 0.0 0.0 0.0 0.0 -0.024000181641985602 0.0 0.0 0.0 0.0 0.0 0.0 0.0 0.0 0.0 0.0 0.0 0.0 0.0 0.0 0.0 0.0 0.0
0.0 0.0 0.012110525156655394 0.0 0.0 0.0 0.0 0.0 0.0 0.0 0.0 0.0 0.0 0.0 0.0 -0.0183339936661266 0.0 0.0 0.0 0.0 0.0 0.0 0.0 0.0 -0.036150774996043196 0.0 0.027318816252025174 0.0 0.0 0.0 0.0 0.03586210454476704 -0.00941848683342667 0.0 0.0 0.0 0.0 0.0 0.0 0.0 0.0 0.0 0.0 0.0 0.0 0.0 0.0 0.0 0.0 0.0 0.0 0.0 0.0 0.0 0.0 0.0 0.0 0.0 0.0 0.0 0.0 0.0 0.0 0.0 0.0 0.0 0.0 0.0 0.0 0.0 0.0 0.0 0.0 -0.019888358532417112 0.0 0.0 0.0 0.0 0.0 0.0 0.034716895858056755 -0.019170114575599233 0.0 0.0 0.0 0.0 0.0 0.0 0.0 0.0 0.0 0.0 0.0 0.0 0.0 0.0 0.0 0.0 0.0 0.024791426594403573
0.0 0.0 0.0 0.0 0.0 0.0 0.0 0.0 0.0 0.0 0.0 0.0 0.0 0.0 0.0 0.0 0.006063944901922621 0.0024171406547290933 0.0 0.0 0.0 0.0 0.0 0.0 0.0 0.0 0.0 0.0 0.0 0.0 0.0 0.0 0.0 -0.02269114171950541 0.0 0.0 0.00879274110080159 0.0 0.0 -0.025000561144650556 0.0 0.0 0.012744678286698114 0.0 0.0 0.0 0.0 0.0 0.0 0.0 0.0 0.0 0.0 0.0 0.0 0.0 0.0 0.0 0.0 0.0 0.0 0.0 0.0 0.0 0.0 0.0 0.0 0.0 0.0 0.0 0.0 0.0 0.0 0.0 0.032188808577114925 0.0 0.0 -0.022885635842462785 0.0 0.0 0.0 0.0 0.0017296545966213374 0.0 -0.0015597250360136416 0.0 0.0 0.0 0.0 0.0 0.0 0.0 0.0 0.0 0.0 0.0 0.0 0.0 0.0 0.0
0.0 0.0 0.0 0.0 0.0 0.0 0.0 0.0 0.0 0.0 0.0 0.007174254410319045 0.0 0.0 0.0 0.0 0.0 0.0 0.0 0.0 0.0 0.0 -0.004315014360817809 0.0 0.0 0.0 0.0 0.0 -0.009968497927738807 0.0 0.0 0.0 0.0 0.0 0.0 0.0 0.0 0.0 0.0 0.0 0.010886040005736789 0.0 0.0 0.0 0.0 0.0 0.0 0.0 0.0 0.0 -0.011721445622572999 -0.007403630832965442 0.0 0.0 0.0 0.0 0.0 0.0 0.0 0.0 0.0 0.0 0.0 0.0 0.0 0.0 0.0 0.0 0.0 0.0 0.0 0.0 0.0 0.0 0.0 0.0 0.0 0.0 0.0 0.0 0.008778057479228035 0.0 0.0 0.0 0.0 0.020426631125950195 0.0 0.0 0.0 0.0 0.030384500305037084 0.0 0.0 0.0 0.0 0.0 0.0 0.0 -0.017615530518153132 0.0
0.0 0.0 0.0 0.0 0.0 0.0 -0.02687773331587334 0.0 0.0 0.016590351563073816 0.0 0.0 0.0 0.0 0.0 0.0 0.0 0.0 0.034265543536576355 0.0 0.0 0.0 0.0 -0.025940172136174725 0.0 0.0 0.0 0.0 0.0 0.0 0.0 0.0 0.0 0.0 0.0 0.0 0.02388165658845218 0.0 0.0 0.0 0.0 -0.020708566919202327 0.0 0.0 0.0 0.0024336978253786416 0.0 0.0 -0.013297334252445316 0.0 0.0 0.0 0.0 -0.03574783341178071 0.0 0.0 0.0 0.0 0.0 0.0 0.0 0.0 0.0 0.0 0.0 0.0 0.0 0.0 0.0 0.0 0.0 0.0 0.0 -0.021580106219307445 0.0 0.0 0.0 0.0 0.0 0.0 0.0 0.0 0.0 0.0 0.0 0.0 0.0 0.0 0.0 0.0 0.0 0.0 0.0 0.0 0.0 0.0 0.0 0.0 0.0 0.0
0.002645659945298648 0.0 0.0 0.0 0.0 0.0 0.0 0.0 0.0 0.0 0.0 0.0 0.0 0.0 0.0 0.0 0.0 0.0 0.0 0.0 0.0 0.0 0.0 0.0 0.0 0.0 -0.021338889681327702 0.0 0.0 0.0 0.0 0.0 0.0 0.0 0.0 0.0 0.0344344093226444 0.0 0.0 0.0 0.0 -0.019390835133249344 0.0 0.0 0.0 0.0 0.0 -0.029241049658656423 0.0 0.0 0.0 0.0 0.0 0.0 0.0 0.0 0.0 0.0 0.0 0.0 0.0 0.0 0.0 0.0 0.0 0.0 0.0 0.0 0.0 0.0 0.0 0.0 0.0 0.0 0.0356554926473373 0.0 0.003593430376917464 0.0 0.0 0.0 0.0 0.0 0.0 0.0 0.0 -0.0009100523889163029 0.0 0.0 0.022593080968870458 0.0 0.0 0.0 0.0 0.0 0.0 0.0 0.0 0.0 0.0 -0.03655501895825557
0.0 0.0 0.0 0.0 0.0 0.0 0.0 0.0 0.0 0.0 0.0 0.0 0.0 -0.015523092565790505 0.0 0.0 0.0 0.03207475287847268 0.0 0.0 0.0 0.0 0.0 0.0 -0.012118028555574907 0.0 0.01172437390296621 0.0 0.0 0.0 0.0 0.0 0.006175630518304055 0.0 0.0 0.0 0.0 0.0 0.03596243409689455 0.0 0.0 0.0 0.0 0.0 0.0 0.0 0.0 0.0 0.0 0.0 0.0 0.0 -0.02786543541040588 0.0 0.0 0.0 0.0 0.0 0.0 0.0 0.0 0.0 0.0 0.0 0.0 0.0 0.0 0.0 0.0 0.018587222627612903 0.0 0.0 0.0 0.0 0.0 0.0 0.023359778244149924 0.0 0.0 0.0 0.0 0.0 0.0 0.0 0.0 0.0 0.0 0.0 0.0 0.0 0.0 0.0 0.0 0.0 0.007633617598565682 0.0 0.0 0.0 0.0 0.0
0.0 0.0 0.0 0.0 0.0 0.01221614542237832 0.0 0.0 0.0 0.0 -0.027136615169085457 0.0 0.0 0.0 0.0 0.0 0.0 0.0 0.0 0.0 0.0 0.0 0.0 0.0 0.0 0.0 0.0 0.0 0.0 0.0 0.0 0.0 0.0 0.0 0.0 0.0 0.0 -0.035284971617610246 0.0 0.0 -0.03732233174705201 0.0 0.0 0.0 -0.021188495549435686 0.0 0.0 0.0 0.0 0.0 0.0 0.0 0.0 0.0 0.0 0.0 0.0 0.0 0.0 0.0 0.0 0.021009337147882595 0.0 -0.024959088641669798 -0.024098374489216486 0.0 -0.008588368904657945 0.0 0.0 0.0 0.0 0.0 0.0 0.0 0.0 0.0 0.0 0.0 0.0 0.0 0.010741832398794513 0.0 0.0 0.0 0.0 0.0 0.0 0.0 0.0 0.0 0.0 0.0 0.0 0.0 0.0 0.0 0.0 0.0 0.0 0.0
0.0 0.011760079984453954 0.0 0.0 0.0 0.0 0.03421247567600198 -0.025556772556265275 0.0 0.0 0.0 0.019893917494021304 0.0 0.0 0.0 0.0 0.0 0.0 0.0 0.0 0.0 0.0 0.0 0.0 0.0 0.0 0.0 0.0 -0.01631993165548612 0.0 0.0 0.0 0.0 0.0 0.0 0.0 0.0 0.0 0.0 0.008258770243579704 -0.03229641080206713 -0.033188281493164884 0.0 0.0 0.0 0.0 0.0 0.0 0.0 0.0 0.0 0.0 0.0 0.0 0.0 0.0 0.0 0.0 0.0 0.0 0.0 0.0 0.0 0.0 0.0 0.0 0.0 0.0 0.0 0.0 0.0 0.0 0.018834622500512814 0.0 -0.02732159465421038 0.0 0.0 0.0 0.0 0.0 0.0 0.0 0.0 0.0 0.0 0.0 0.0 0.0 0.0 0.0 0.0 0.0 0.0 0.0 0.0 0.0 0.0 0.0 0.0 0.0
0.0 0.0 0.0 0.0 0.0 0.0 0.0 0.0 0.019237458104837582 0.0 0.0 0.0 0.020380907223782614 0.0 0.0 0.0 0.0 0.0 0.0 0.0 0.0 0.0 0.0 0.0 0.0 0.0 0.0 0.0 0.0 0.027766095888156705 -0.003653458899751129 0.0 0.0 0.0 0.0 0.0 0.0 0.0 0.0 0.0 0.0 0.0 0.03633851402844044 0.0 0.0 0.0 0.02844069020121741 0.0 0.0 0.0 0.0 0.0 0.0 0.0 0.0 0.0 0.0 0.0 0.02830943592600373 0.0 0.0 0.0 0.0 0.0 0.0 0.0014525120662214283 -0.022112174607317285 0.0 0.0 0.0 0.0 0.0 0.0 0.0 0.0 0.0 0.0 0.0 0.0 0.0 0.0 0.0 0.0 0.0 0.0 -0.019571051499367758 0.0 0.0 0.0 0.0 0.0 0.0 0.0 0.0 0.0 0.0 0.0 0.0 0.0 0.0
0.0 0.0 0.0 0.0 0.0 0.0 0.0 0.0 0.0 0.017957700362055302 0.0 0.0 0.0 -0.005985213688499672 0.0 0.0 0.0 0.0 0.0 0.0 0.0 -0.02313273591032383 0.0 0.0 0.0 0.0 0.0 0.0 0.01641467770123036 0.0 0.0 0.0 0.0 0.0 0.0 0.0 0.0 0.0 0.0 0.0 0.0 0.0 0.0 0.0 0.0 0.0 0.0 0.0 0.0 0.0 0.0 0.0 0.0 -0.0290007600633615 0.0 0.0 0.0 0.0 -0.004832342134384865 0.0 0.0 0.0 0.0 0.0 0.0 0.0 0.0 0.0 0.0 0.0 0.0 0.0 0.0 0.0 0.0 0.030372143594201862 0.0 0.00852492888745873 -0.01915567998329506 0.0 0.0 0.0 0.0 0.0 0.0 0.0 0.0 0.0 0.0 0.0 0.0 0.0 0.0 0.0 0.0 0.0 0.0 0.0 -0.030931143601676783 0.0
0.0 -0.033856016691791974 0.0 0.0 0.0 0.0 0.0 0.0 0.0 0.0 0.0 0.0 0.0 0.0 0.0 0.0 0.0 0.0 0.0 0.0 0.0 0.0 0.0 0.0 0.0 0.0 0.0 0.0 0.0 0.0 0.02939380180904132 0.0 0.0 0.0 0.0 0.0 0.0 0.0 0.0 0.0 0.0 0.0 0.012572995646920675 0.0 0.0 0.0 0.0 0.0 0.0 0.018221583392208897 0.0 0.0 0.0 0.0 0.0 -0.01519223487702085 0.0 0.0 0.0 0.0 0.0 -0.014991334518718804 0.0 0.0 0.0 0.0 0.0 0.0 0.0 0.0 0.0 0.0 0.0 0.0 0.0 0.0 0.0 0.0 0.0 -0.02357706714099738 0.0 0.0 0.026393853104278355 0.0 0.0 0.0 0.0 0.0 0.0 0.0 0.0 0.0 0.0 0.0 0.0 0.0 0.0069847537781639836 0.03018745915380886 0.0 0.0
0.0 0.0 0.0 0.0 0.0053983432525928935 0.0 0.0 0.0 0.0 0.0 0.0 0.0 0.0 0.0 0.0 0.0 0.0 0.0 0.0 0.0 0.0 0.0 0.0 0.0 0.0 0.0 0.0 0.0 0.0 0.0 0.0 0.0 0.0 0.0 0.0 0.0 0.0 0.0 0.0 0.0 0.0 -0.028933687096657543 0.000949146711784644 0.0 0.0 0.0 0.0 0.0 0.0 0.0 0.0 0.0 0.022671646339241396 0.0 0.0 0.0 0.0 0.0 0.0 0.0 0.0 0.0 0.0 0.0 0.0 0.0 0.0 0.0 0.0 0.0 0.0 0.0 0.0 0.0 0.0 0.0 0.0 0.03234973858057596 -0.015473132673785596 -0.03093763979551358 0.0 -0.007716289041087585 0.0 0.0 0.0 0.0 0.0 0.0 0.0 0.0 0.0 0.00877136900621176 0.0 0.0 -0.011596867944220495 0.0 0.0 0.0 0.0 0.0
0.0 0.0 0.0 0.0 0.0 0.0 0.0 0.0 0.0 0.0 0.0 0.0 0.0 0.0 0.0 0.0 0.0 0.0 0.0 0.0 -0.00965258256312573 0.0 0.0 0.031216965497426218 0.0 0.0 0.0 0.0 0.0 0.0 -0.01357165164269285 0.0 0.0 0.0 0.0 0.0 0.006158853634112968 0.0 0.0 0.0 0.0 -0.00939929670071674 0.0 0.014116503972440254 0.0 0.0 0.0 0.0 0.0 0.0 0.0 0.0 0.0 0.0 0.0 0.0 0.0 0.0 0.015403802244313512 0.0 0.0 0.0 0.0 0.0 0.007573120337057931 0.0 0.0 0.0 0.0 0.0 0.0 0.0 0.0 0.02679084771938384 0.0 0.0 0.0 -0.00517102684725886 0.0 0.0 0.0 0.0 0.0 0.0 0.0 0.0 0.0 0.0 0.0 0.0 0.0 0.0 0.0 0.0 0.0 0.0 0.0 0.0 0.0 0.0
0.0 0.0 0.0 0.0 0.0 0.0 0.0 0.0 0.0 0.0 0.0 0.0 0.0 0.0 0.0 -0.026375269734545466 0.0 0.0 0.0 0.0 0.0 0.0 0.0 0.01580082613827582 0.0 0.0 0.0 0.0 0.0 0.0 0.0 0.0 0.0 0.0 0.0 0.0 0.0 0.0 0.0 0.02641587452690766 -0.01305044139740535 0.0 0.0 0.021917565809642388 0.0 0.0 0.0 0.0 0.0 0.0 0.0 -0.027545002852183375 0.0 0.0 0.0 0.0 0.0 0.0 0.0 0.0 -0.014948605951454712 0.0 0.0 0.0 0.0 0.0 0.0 0.0 0.0 0.0 0.0 0.0 0.0 0.0 0.0 0.01729435683453976 0.0 0.0 0.0 0.0 0.0 0.0 0.0 0.0 0.0 0.0 0.0 0.0 0.0 -0.002888747810190981 0.0 0.0 0.0 0.0 0.0 0.0 0.0 0.0 0.03049074713321758 0.0
0.0 0.0 0.0 0.0 0.0 0.016719780806992754 0.0 0.0 0.0 0.0 0.0 0.0 0.0 0.003681157714240924 0.0 0.0 0.0 0.0 0.0 0.0 0.0 0.0 0.0 0.0 0.0 0.0 0.0 0.0 0.0 0.0 0.0 0.0 0.0 0.014041678427478799 0.0 0.005772377267972774 0.0 0.0 0.0 0.0 0.0 0.0 0.0 0.0 0.0 0.0 0.0 0.0 0.0 0.0 0.0 0.0 0.0 0.0 0.0 0.0 0.0 0.0 0.0 0.0 0.0 0.0 0.0 0.0 0.0 0.0 0.0 0.0 0.0 0.0 0.0 0.0 -0.0145254251690502 0.0 0.0 0.0 0.0 0.0 0.0 0.0 0.0 0.0 0.0 0.0 0.0 0.014817159750349581 0.0 0.009897011331583222 0.0 -0.035627604814631494 0.0 -0.007560056559402152 0.0 0.0 0.0 0.0 -0.016458741288646418 0.0 0.0 0.0
0.025793305368996603 -0.02877002633717927 0.03223114857045816 0.0 0.0 0.0 0.03319116900313033 0.0 0.0 0.0 0.0 0.0 0.0 0.0 0.0 0.0 0.0 0.0 0.0 0.0 0.0 0.0 0.0 0.0 0.0 0.0 0.0 0.0 0.0 0.0 0.0 0.0 0.0 0.0 0.0 0.0 0.0 0.0 0.0 0.0 0.0 0.0 0.013122608881333504 0.0 0.0 0.0 0.03269195986688846 0.0 0.0 0.0 0.0 0.0 0.0 0.0 0.0 0.0 0.0 -0.03429441737819931 0.004842420135300086 0.0 0.0 0.0 0.0 0.0 0.0 0.0 0.0 0.0 0.0 0.0 -0.009192441899810987 0.0 0.0 0.0 0.0 0.0 0.0 0.0 0.0 0.0 0.0 0.0 0.0 0.0 0.0 0.0 -0.005815445945532613 0.0 0.0 0.0 0.0 0.0 0.0 0.0 0.0 0.0 0.0 0.0 0.0 0.0
0.0 0.0 0.0 0.0 0.005101924718375045 0.0 0.0 0.0 0.0 0.0 0.0 0.0 0.0 0.0 0.0 0.0 0.0 0.0 -0.01185307396648851 0.0 0.0 0.0 0.0 0.0 0.0 0.0 0.003625090306069537 0.0 0.0 0.0 0.0 0.005293519801906182 0.0 0.0 0.0 0.0 0.0 0.0 0.012213548597397686 0.0 0.0 0.0 0.01790939211459095 0.0 0.0 0.0 0.0 0.0 0.0 0.0 0.0 0.0 0.0 0.0 0.0 0.0 0.0 0.0 -0.012580184935476909 0.0 0.0 0.010629051650210757 0.0 -0.02073486974551373 0.0 0.0 0.0 0.0 0.0 0.0 0.0 0.0 0.0 0.0 0.0 0.0 0.0 0.0 0.0 0.0 0.0 0.0 0.0 0.0 0.0 0.0 0.0 0.0 0.0 0.0 0.0 0.0 0.0 0.0 0.0 0.0 0.0 0.0 0.0 -0.004832179463690459
0.0 0.0 0.0 0.0 0.0 0.0 -0.024268990296794447 0.0 0.0 0.0 0.0 0.0 0.0 0.0 0.0 -0.021045507431730802 0.0 0.0 0.0 0.0 0.0 0.0 0.0 0.0 0.0 0.0 0.0 0.0 0.0 0.0 0.0 0.0 0.0 0.0 0.0 0.0 0.0 0.0 0.01739210413722886 0.0 0.0 0.0 0.0 0.0 0.0 0.001688819137261925 0.0 0.0 0.0 0.0 0.0 0.0 0.0 0.0 0.0 0.0 0.0 0.0 0.0 0.0 0.0 0.0 0.031423175507868044 -0.021432160522914103 0.0 -0.0030747174943732566 0.0 0.0 0.0 0.0 0.0 0.0 0.0 0.0 0.0 0.0 0.0 0.0 0.0 0.0 -0.03639997571424497 0.02468011864897571 -0.03648692638994102 0.0 0.0 0.0 0.0 0.0 0.0 0.0 0.0 0.0 0.0 0.0 0.0 0.0 0.0 0.0 0.0 0.0
0.0 0.0 0.0 0.0 0.0 0.0033346556827845656 0.0 0.0 0.0 0.0 0.0 -0.015307856279862114 0.0 0.0 -0.03500487858368593 0.0 0.0 0.0 0.0070282793079047 0.0 -0.022143672761000537 0.0 0.0 0.029137922703520832 0.0 0.0 0.0 0.0 0.0 0.0 0.0 0.0 0.0 0.0 0.0 0.0 0.0 -0.018333802470853422 0.0 0.0 0.0 0.0 0.0 0.0 0.0 0.0 0.0 0.0 0.0 0.010193168241073958 0.0 0.0 0.0 0.0 0.0 0.0 0.0 0.0 0.0 0.0 0.0 0.0 0.019713754387679087 0.0 0.0 0.0 0.0 0.0 0.0 0.0 0.0 0.0 0.0 0.0 0.0 0.0 0.0 0.0 0.0 0.0 0.0 0.0 0.0 0.0 0.024213267708838106 0.0 0.0 0.0 0.0 0.0 0.0 0.0 0.0 0.0 0.0 0.0 0.0 0.0 0.0 0.0
0.0 0.0 0.0 0.0 0.0 0.0 0.0 0.0 0.0 0.0 0.0 0.0 0.0 0.0 0.0 0.0 0.0 0.0 -0.035151113863511226 0.0 0.0 0.0 0.0 0.0 0.0 0.0 0.0 0.0 0.012373804719523096 0.0 0.0 0.0 0.0 0.0 0.0 0.0 0.0 0.0 0.0 0.0 0.0 0.0 0.0 0.019834444125419244 0.0 0.0 0.0 0.0 0.0 -0.026810869216691256 0.0 0.0 0.0 0.0 0.0 -0.025675297655656442 0.0 -0.02855635807372146 0.012816551350070092 0.0 0.0 0.0 0.0 0.0 -0.03357485822322459 0.0 0.0 0.0 0.0 0.0 0.0 0.0 0.0 0.0 0.0 0.0 0.0 0.0 0.0 0.0 0.0 -0.021474395821350356 0.0 0.0 0.0 0.0 -0.004845921260775378 0.0 0.0 0.0 0.0 0.0 0.0 0.0 0.0 0.0 0.0 0.0 0.0 0.0
0.0 0.0 0.0 0.0 0.0 0.0 0.0 0.0 0.0 0.0 0.0 0.0 0.0 0.0 0.0 0.0 0.0 0.0 0.0 0.0 -0.031915470039260846 0.0 0.0 0.0 0.0 0.0012580091777627828 0.0 0.0 0.0 0.0 0.0179944193805505 0.0 0.0 0.0 0.0 0.0 0.0 0.0 0.0 0.0 0.0 0.009792911755107015 0.0 0.0 0.007903433416508966 0.0 0.0 0.0 0.0 0.0 0.0 0.0 0.0 -0.022145194673291114 0.0 0.0 0.0 0.0 0.0 0.0 0.0 0.0 0.0 0.0 0.0 0.0 0.0 0.0 0.0 0.0 0.0 0.0 0.0 0.0 0.0 0.006157691038991265 0.003716817589981502 0.0 0.0 0.014219440122865155 0.0 0.0 0.0 0.0014763688762123005 0.0 0.0 0.0 0.0 0.0 0.0 0.0 0.0 0.0 0.0 0.0 0.0 0.0 0.0 0.0 0.0
0.0 0.0 0.03242142728394308 0.0 0.0 0.0 0.0 0.0 0.0 0.0 0.0 0.012952646463549572 0.0 0.003315789003074366 0.0 0.0 0.0 0.0 0.0 0.0 0.0 0.0 0.022859309839333344 0.0 0.0 0.0 0.0 0.0 0.0 0.0 0.0 0.0 -0.02245678018157471 0.0 0.0 0.0 -0.0313829712837496 0.03382855963572162 0.0 0.0 0.0 0.0 0.0 0.0 0.0 0.0 0.0 0.0 0.0 0.0 0.0 0.0 0.0 0.0 0.0 0.0 0.0 0.007997020610265604 0.0 0.0 0.0 0.0 0.0 0.0 0.0 0.0 0.0 0.0 0.0 0.0 0.0 0.024200003818349813 0.0 0.0 0.0 0.0 0.0 0.0 0.0 0.0 0.0 0.0 0.0 0.0 0.0 0.0 0.0 0.0 0.0 0.025361964109693134 0.0 0.0 0.0 0.0 0.0 0.0 0.0 0.0 0.0 0.0
0.0 0.0 0.0 0.0 0.0 0.0 0.0 0.0 0.0 0.0 0.0 0.0 0.0 0.0 0.02879993906950573 -0.015289258444841679 0.0 0.0 0.0 0.0 0.0 0.0 0.0 0.0 0.0 0.0 0.0 0.0 0.0 -0.03647033276563175 0.0 0.0 -0.011629964624495719 0.0 0.0 0.0 0.0 0.0 0.0 0.0 0.0 0.0 0.0 0.0 0.0 0.01662835123447859 0.0 0.0 0.0 0.0 0.0 0.0 0.0 0.0 0.0 0.0 0.0 0.0 0.0 0.0 0.0 0.0 0.0 0.0 0.0 0.0 0.0 0.0 0.0 0.0 0.0 -0.003057802540204977 0.0 0.0 0.0 -0.006661433084209371 0.0 0.0 0.0 0.0 0.0 0.0 0.0 0.0 -0.006405000887192081 0.0 0.0 0.0 0.0 0.0 0.0 0.0 -0.008631246705229951 0.0 0.0 0.0 -0.0028589294089152732 0.0 0.0 0.0
0.0 0.0 0.0 -0.0015539661599921985 0.0 0.0 0.0 -0.016417718772235287 0.0 0.0 0.0 0.0 0.0 0.0 0.0 0.0 0.0 0.0 0.0 0.0 0.0 0.0 0.0 0.0 0.0 0.0 0.0 0.0 0.0 0.0 -0.02188176964293178 0.0 0.0 0.0 0.0 0.0 0.0 0.0 0.0 0.0 0.026068973069701025 0.0 0.0 0.0 0.0 0.0 0.0 0.0 0.0 0.0 0.0 0.0 0.0 0.0 0.0 0.0 0.0 0.0 0.0 0.0 0.0 0.0 0.0 0.0 0.0 0.0 0.0 0.0 0.0 0.0 0.0 0.0 0.0 0.0 0.0 0.0 0.0 0.0 0.0 0.0 0.0 0.0 0.0 0.0 0.0 0.0034155322261773843 0.0 0.0 0.0 0.0 -0.03431736884706794 0.0 0.0 0.03609258218637702 0.018213217181242355 0.0 -0.00371046083671828 0.0 0.0 -0.023847318035572634
0.0 0.0 0.0 0.0 0.0 0.0 0.0 0.0 0.0 0.0 0.0 0.0 0.0 0.0 0.0 0.0 0.0 0.0 0.0 0.0 0.0 0.0 0.0 0.0 0.0 0.0 -0.021186862996624888 0.0 0.0 0.0 0.0 0.0 0.0 0.0 0.0 0.0 0.0 0.0 0.0 0.0 0.0 0.0 0.0 0.0 0.0 0.020504542370346067 0.0 0.0 0.0 0.0 0.0 0.0 0.0 0.0 0.0 0.0 -0.002698088704312889 0.0 0.0 0.0 0.0 0.0 0.0 0.0 0.0 0.0 0.0 0.0 0.0 0.0 0.0 -0.026178666249612223 -0.006350686198927486 0.0 0.0 0.0 0.0 0.0 0.0 0.0 0.0 0.0 0.0 0.0 0.021482014985154965 0.03621233807349714 0.0 0.018569644525461282 0.0 0.0 0.0 -0.017682297201732228 0.0 0.0 0.0 0.0 0.0 0.0 0.0 -0.002882947332774856
0.0 0.0 0.0 0.0 0.0 0.0 0.015370331355959693 0.0 0.0 0.0 0.0 0.0 0.0 0.0 0.0 0.0 0.0 0.0 0.0 0.0 0.0 0.0 0.0 0.0 0.0 -0.025759193559043728 0.0 0.0 0.0 0.0 0.0 0.0 0.0 0.0 0.0 0.0 0.0 0.0 0.0 -0.0033587998973330663 0.0 0.0 0.0 0.0 0.010185515115374594 0.0 0.0 0.0 0.0 0.0 0.0 0.0 0.0 0.0 0.0 0.0 0.0 0.0 0.0 0.0 0.0 0.01430224329914727 0.0 0.0 0.0 0.0 0.0 0.0 0.0 0.0 0.0 0.0 0.0 0.0 0.0 0.0 0.0 0.0 0.0 0.0 0.0 0.0 0.014770670172451268 0.0 -0.024024689951026603 0.0 -0.01683683827983251 0.0 0.0 0.0074403470150271 0.0 0.0 0.0 0.0 0.011136977350600305 0.0 0.0 0.0 0.0 0.0
-0.010961976074700135 0.0 0.0 -0.014799529182963832 0.0 0.0 0.0 0.0 0.0 0.0 0.0 0.0 0.0 0.0 0.0 0.0 0.0 0.0 0.0 0.0 0.029838532204530335 0.0 0.0 0.0 0.0 0.0 0.0 0.0 0.0 0.0 0.0 -0.017130718224850836 0.0 0.020739868656420676 0.0 0.0 0.0 0.0 0.0 0.0 0.0 0.0 0.0 0.0 0.0 0.0 0.0 0.0 0.0 0.0 0.035617993665648884 0.0 0.0 0.0 0.0 0.0 0.0 0.0 0.0 0.0 0.0 0.0 0.0 0.03646884435366442 0.0 0.0 0.0 0.0 0.0 0.0 0.0 0.0 0.0 -0.024717054032160388 0.0 0.0 0.0 0.0 0.0 -0.03173281921283609 0.0 0.0 0.0 0.0 -0.010070426127049985 0.0 0.0 0.0 0.0 0.0 0.0 0.0 0.0 0.0 0.0 0.0 0.0 0.0 0.0 0.0
-0.021113686300580223 0.0 0.0 0.0 -0.024341843543276884 0.0 0.0 0.0 0.0 0.0 0.0 0.0 0.0 0.0 0.0 0.0 0.0 0.0 0.0 0.0 0.0 0.0 0.0 0.0 0.0 0.0 0.0 0.0 0.0 0.0 0.0 0.0 0.02802783978952664 0.0 0.0 0.0 0.0 0.0 0.0 0.0 0.0 0.0 0.0 0.0 0.0 0.0 0.0 0.0 0.0 0.0 -0.01773901672106335 0.0 0.0 0.022172689735626607 0.0 0.0 0.0 0.0 0.0 0.0 0.0 0.0 0.0 0.0 0.0 0.0 0.0 0.0 0.0 0.0 -0.020941600744331917 0.0 0.0 0.0 0.0 0.0 0.0 0.0 0.0 0.01294462528211519 0.0 0.0 0.0 0.0 0.0 0.0 0.0 0.0 0.0 0.0 0.027772884897499926 0.0 0.0 0.0 0.0 -0.01875639646623932 -0.03741422839666492 0.0 0.0 0.0
0.0 0.0 0.0 -0.011207992055389996 0.0 0.0 0.030939420912978154 0.0 0.0 0.00896238710305687 0.0 0.0 0.0 0.0 0.0 0.0 0.0 0.0 0.0 0.0 0.0 0.0 0.0 0.0 0.0 0.0074647319757447945 0.0 0.0 0.0 0.0 0.0 0.0 0.0 0.0 0.0 0.0 0.00047430709575300864 0.0 0.0 0.0 0.0 0.0 0.0 0.0 0.0 0.0 0.0 0.0 0.0 0.0 0.0 0.0 0.0 0.0 0.0 -0.012005433980443103 0.0 0.0 0.0 -0.003325295469663588 0.0 0.0 0.0 0.0 0.0 0.0 0.0 -0.023054102325321714 0.0 0.0 0.0 0.0 0.0 0.0 0.0 0.013345422655589061 0.0 0.0 -0.015310863257062697 0.0 0.0 0.0 0.0 0.0 0.0 0.0 0.0 0.0 0.0 0.0 0.0 0.0 0.0 0.0 0.0 0.0 0.0 0.0 0.0 0.0
0.0 0.0 0.0 0.0 0.0 0.0 0.0 -0.03242557159454287 0.0 0.0 0.0 0.0 -0.02856874307796427 0.0 0.0 0.0 0.0 0.022551391076927576 -0.02137680126681537 0.0 0.0 0.0 0.0 0.0 0.0 0.0 0.0 0.0 0.0 0.0 0.0 0.0 0.0 0.0 0.0 0.007106569773087731 0.0 0.0 0.0 0.0 0.0 0.0 0.0 0.0 0.0 0.0 0.0 0.0 0.0 0.0 -0.029636786807528938 0.0 0.0 0.0 0.0 0.0 0.0 0.0 0.0 0.0 0.0 0.0 0.0 0.0 0.0 0.0 0.0 0.0 -0.0026987205806776673 0.036007232400841825 0.0 0.0 0.0 0.0 0.0 0.0 0.0 0.0 0.0 0.0 0.0 0.0 0.0 0.0 0.0 0.00575864451358231 0.0 0.0 0.0 0.0 0.0 0.024467286343653454 0.0 0.0 0.0 0.0 0.0 0.0 0.0 0.0
0.0 -0.03221023624021565 0.0 0.0 0.0 0.0 0.0 0.0 -0.02953040634009059 0.011850341386051398 0.0 0.0 0.0 0.0 0.0 -0.023843154078340166 0.0 0.0 0.0 0.0 0.0 0.0 0.0 0.0 0.0 0.0 0.0 0.0 -0.025713777942112125 0.0 0.0 0.0 0.0 0.0 0.0 0.013173773398086567 0.0 0.0 0.0 0.0 0.0 0.0 0.0 0.0 0.0 0.0 0.0 0.0 0.0 0.0 0.0 0.0 0.0 0.0 0.0 0.0 -0.006505668031371309 0.0 0.0 0.0 0.0 0.0 0.0 0.0 0.0 0.0 0.0 0.0 -0.018331757186324345 0.0 0.0 0.0 0.0 0.0 0.0 0.0 0.0 0.0 0.0 0.0 0.0 0.0 0.0 0.0 0.0 0.0 0.0 0.0 0.0 0.0 -0.007847839201023625 0.0 0.0 0.0 0.0 0.0 -0.010871989737140845 0.0 0.0 0.0
0.0 -0.025248754287652535 0.0 0.0 0.0 0.0 0.0 0.0 0.0 0.0 0.0 0.0 0.0 0.0 0.0 0.0 0.0 0.0 0.0 0.0 0.012116993720400796 0.0 0.0 0.0 0.0 0.0 0.0 0.0 -0.01994443794081421 0.0 0.0 0.0 0.0 0.0 0.0 0.0 0.0 0.0 0.0 0.0 0.0 0.0 0.0 0.0 0.0 0.0 0.0 0.0 0.0 -0.0356868486918795 0.0 0.0 0.0 0.0 0.0 0.0 0.0 0.0 0.0 0.0 -0.03621997026444507 0.0 0.0 0.0 0.0 0.0 0.0 -0.031159804312688468 0.0 0.0 0.0 0.0 0.0 0.0 -0.008009336086973894 0.0 0.0 0.0 0.007676164711907515 0.0 0.0 -0.029952148477096666 0.0 0.0 0.0 0.025096377992394874 0.0 0.0 0.0 0.0 0.0 0.0 0.0 0.0 0.0 0.0 0.0 0.0 0.0 0.0
-0.03406942140447149 0.0 0.0 0.0 0.0 0.0 0.0 0.0 0.01171742463606767 0.0 0.0 0.0 0.0 0.0 0.0 0.0 0.0 0.0 0.0 0.0 0.0 0.0 0.0 -0.026890504909176192 0.0 0.0 0.0 0.0 0.0 0.0 0.0 0.028106233095689503 0.0 0.0034153028857711477 0.0 0.0 0.0 0.0 -0.029551593437077944 0.0 0.0 0.0 0.0 0.0 0.0 0.0 0.0 0.0 -0.03484531371869967 0.0 0.0 0.0 0.0 0.0 0.0 0.0 0.0 0.0 0.0 0.0 0.0 0.0 0.0 0.0 -0.0313174476737437 0.0 0.0 0.0 0.0 0.0 0.0 0.0 0.0 0.0 0.0 0.0 0.0 0.0 0.0 0.0 0.0 0.0 0.0 0.021767647009342323 0.0 0.0 0.0 0.0 0.0 0.0 0.0 0.0 0.0 0.0 0.0 0.0 0.0 0.002633836731158627 0.0 0.0
0.0 0.0 0.0 0.0 0.0 0.0 0.0 0.0 0.0 0.0 0.0 0.0 0.0 0.025625991722180337 0.0 0.0 0.0 0.02298423047571857 0.0 0.0 0.01295080813687448 0.0 0.0 0.0 0.0 0.0 0.0 0.0 0.0 0.0 0.0 0.0 0.0 0.0 0.0 0.0 0.0 0.0 0.0 0.0 0.0 0.0 0.0 0.0 0.0 0.0 0.0 0.0 0.0 0.0 0.0 0.0 0.0 0.0 -0.001295216698218336 0.0 0.0 0.0 0.0 0.0 0.0 0.009996057303413894 -0.0005545296671098554 0.0 0.0 0.0 0.0 0.0 0.0 0.0 0.0 -0.035376941695284436 0.016802577519512023 0.0 0.0 0.0 0.0 0.0 0.0 0.0 0.0 0.0 0.0 0.0 0.0 0.0 0.0 0.0 0.009195884294375884 0.0 0.0 0.0 0.0 0.0 0.0 0.0 0.0 0.0 0.020788730767375377 0.0
0.0 0.0 0.0 0.0 0.0 0.0 0.0 0.0 0.0 0.0 0.0 0.0 0.0 0.0 0.0 0.0 0.0 0.0 0.0 0.0 0.0 0.0 0.0 0.0 -0.010139734874447472 0.012484013214723566 0.0 0.0 0.0 0.0 0.0 0.0 0.0 0.0 0.0 0.0 0.0 0.0 0.0 0.0 0.0 0.0 0.02694025533943086 0.0 0.0 0.0 0.0 0.0 -0.000821509547162989 0.0 0.0 0.0 0.0 0.0 0.0 0.0 0.0 0.0 0.0 0.0 0.0 0.0 0.0 0.0 0.017870379506820872 0.0 0.0 0.0 0.0 0.0 -0.028504838209627983 0.0 0.0 0.0 0.0 0.0 0.0 0.0 0.0 0.0 0.0 0.006915806604770113 0.0 0.0 0.0 0.0 0.0 0.0 0.0 -0.013613814481054571 0.0 0.0 0.014584700445439592 0.0 0.0 0.0 -0.0017636714813362485 0.0 0.0 0.0
0.0 0.03300536180227729 0.0 0.0 -0.004343225303888166 0.0 0.0 0.0 0.0 -0.0328592371744892 0.0 0.0 0.0 0.0 0.0 0.0 0.0 0.0 0.0 0.0 0.034058974606025194 0.0 0.0 0.0 0.0 0.0 0.0 0.0 0.0 0.02350615107466946 0.00762800893343536 0.0 0.0 0.0 0.0 0.0 0.0 0.0 0.0 0.0 0.0 0.0 0.0 0.0 0.0 0.0 0.0 0.0 0.0 -0.026116911100571766 0.0 0.0 0.0 0.0 0.0 0.0 0.0 0.0 0.011146450245794413 0.0 0.0 0.011106595609935356 0.0 0.0 0.0 0.0 0.0 0.0 -0.0016921229246700266 0.0 0.0 0.0 0.0 0.0 0.0 0.0 0.0 0.0 0.0 0.0 0.0 0.0 0.0 0.0 0.0 0.0 0.0 0.0 0.0 0.0 0.0 0.0 0.0 0.0 0.0 0.0 0.0 0.0 0.0 0.0
0.0 0.0 0.024420924480761382 0.0 0.0 0.0 0.0 0.0 0.0 0.0 0.0 0.0 -0.03383954225108986 0.004097500209094182 0.0 0.0 0.0 0.0 0.0 0.0 0.022461679040927586 0.0 0.0 0.0 0.0 0.0 0.0 0.0 0.0 0.0 0.0 0.0 0.0 0.0 0.0 0.0 0.0 -0.0043024709784007424 0.0 0.0 0.0 0.0 0.0 0.0 0.0 0.0 0.0 0.0 0.0 0.0 0.0 0.0 0.0 0.0 0.0 0.0 0.0 -0.011006467176073483 0.0 0.0 0.0 0.0 0.0 0.0 0.006593555211655781 0.0 0.0 0.0 0.0 0.0 0.0 0.0 0.0 0.0 0.0 0.0 0.0 0.0 0.0 0.0 0.0 0.024012971074984384 0.0 0.0 0.0 0.009849730026102567 0.0 0.0 0.0 0.0 0.0 0.0 0.024451532082410802 0.0 0.0 0.0 0.0 0.0 0.0 0.0
0.0 0.0 0.0 0.0 0.0 0.0 0.0 0.0 0.0 0.0 0.0 0.0 0.0 0.0 0.0 0.0 0.0 0.0 0.0 0.0 0.0 0.0 0.0 0.0 0.0 0.0 0.0 0.0 0.0 -0.02404899403076477 -0.030088617464417676 0.0 0.0 0.0 0.0 -0.008006097624343967 0.0 0.0 0.0 0.017132385169900045 0.0 0.0 -0.013834124337559144 -0.024195054149504274 0.0 0.0 0.0 0.0 0.0 0.0 0.0 0.0 0.0 0.0 0.0 0.0 0.0 0.0 0.0 0.0 0.0 0.03422040384536106 0.0 0.0 0.0 0.0 0.0 0.0 0.0 0.0 0.0 0.0 0.0 0.0 0.0 0.0 0.0 0.0 0.0 -0.030197898932739012 0.0 -0.019711329957835557 0.0 0.0 0.0 0.0 0.0 0.0 0.0 0.0 0.0 0.0 0.0 0.0 0.0 0.0 0.0 0.007444663440941413 0.0 0.0
0.0 0.017578348153639796 -0.01587056440771725 0.0 0.0 0.0 0.0 0.0 0.0 0.0 0.0 0.0 0.0 0.0 0.0 0.0 -0.006061582759729615 0.0 0.0 -0.016062266325327992 0.0 0.0 0.0 -0.000281781448294288 0.0 0.0 0.0 0.0 0.0 0.0 0.007440135038359785 0.0 0.0 0.0 0.0 0.0 0.0 0.0 0.0 0.0 0.0 0.0 0.0 0.0 0.0 0.0 0.0 0.0 0.0 0.0 0.0 0.0 0.0 0.0 0.0 0.0 0.0 0.0 0.0 0.0 0.0 0.0 0.0 0.0 0.0 0.0 0.0 0.006355839907319591 0.0 0.0 0.0 0.0 0.0 0.0 0.0 0.0 0.0 0.0 -0.03566897788173678 0.0 0.0 0.0 -0.036978833735754085 0.0 0.0 0.0010270798206395038 0.0 0.0 0.0 0.0 0.0 0.0 0.0 0.0 0.0 0.0 0.0 0.0 0.0 0.0
0.0 0.0 0.0 0.0 0.0 0.0 0.0 0.0 0.0 0.0 0.0 0.0 0.0 0.0 0.0 0.0 0.0 0.0 0.0 0.0 0.0 0.0 0.0 0.0 0.0 0.0 0.0 -0.005380916635149894 0.0 0.0 0.0 0.0 0.0 0.0 0.0 0.0 -0.012845515355954485 0.016941695695251613 0.0 0.0 0.0 0.0 0.0 0.0 0.0 0.0 -0.02379226607879698 0.0 0.0 0.0 0.0 0.0 0.03485646912755907 0.0 0.0 0.0 0.0 0.0 0.028943173519189368 0.0 0.0 0.0 0.0 0.0 0.0 0.0 0.0 0.0 0.0 0.009891719950185517 0.0 0.0 0.0 0.0 0.0 -0.033382241420843756 0.0 -0.026121492331556813 0.0 0.0 0.0 -0.0260829051710023 0.0 0.0 0.0 0.0 0.0 0.0 0.0 0.0 0.0 0.0 0.0 0.0 0.0 0.0 0.0 0.0 0.0 0.0
0.0 -0.01026619828500986 0.0 0.0 0.0 0.0 0.0 0.0 0.0 0.0 0.0 0.0 0.0 0.0 0.0 0.0 0.0 0.0 0.024628970677006395 0.0 0.0 0.0 0.0 0.0 0.0 0.0 0.0 0.0 0.0 0.0 0.0 0.0 0.0 0.0 0.0 0.0 0.0 0.0 0.0 0.0 0.025389089557851383 0.0 0.02841804005013389 0.015688744167883698 0.0 0.0 0.0 0.0 0.0 0.0 0.0 0.0 0.0 0.0 0.0 -0.029565842078324328 0.0 0.0 0.0 0.0 0.0 0.0 0.0 0.0 0.0 0.0 0.0 0.0 0.0 0.0 0.0 0.0 0.014762305401023593 0.0 0.0 0.0 0.012813381715373056 0.0 0.0 0.0 0.0 0.0 0.0 0.0 -0.0029297455474034477 0.0 0.0 0.0 0.0 0.024692937705914318 0.0 0.0 0.0 0.0 0.0 0.0 0.0 0.0 0.0 0.0
0.0 0.0 0.0 0.0 0.0 0.0 0.0 0.0 0.0 0.0 0.0 0.0 0.0 0.0 0.0 0.0 0.0 0.0 0.0026199258811571337 0.0 0.0 0.0 0.0 0.0 0.0 0.0 0.0 0.012856446575601688 0.0 0.0 0.0 0.0 0.0 0.0 0.0 0.0 0.0 0.0 0.0 0.0 0.028281117388717716 0.0 0.0 0.0 0.0 0.0 0.0 0.0 0.0 0.0 0.0 0.0 0.0 0.0 0.0 0.0 0.0 0.0 -0.03508633346069446 0.0 0.0 0.0 0.0 0.0 0.0 0.0 0.0 0.0 0.0 0.0 0.0 -0.0313818439470328 0.0 0.0 0.0 0.0 0.0 0.0 0.0 0.013974812555194517 0.020468647871422517 0.0 0.0 0.0 0.0 -0.0035812946969661103 0.0 0.0 0.0 0.0 0.01791425215396146 0.0 0.023607208536118425 0.0 0.0 0.0 0.0 0.0 0.0 0.0
0.0 0.0 0.0 0.0 0.0 0.0 0.0 0.0 0.0 0.0 0.0 0.0 -0.01693425110002614 0.0 0.0 0.0 0.0 0.0 0.0 0.0 0.0 0.0 0.0 0.0 0.0 0.0 0.0 0.0 0.0 0.0 0.0 0.0 0.0 0.0 0.0 0.0 0.0 0.0 0.003524936934176435 0.0 0.0 0.0 0.0 0.0 -0.006479892380165872 -0.03091113571600057 0.0 0.0 0.0 0.0 0.0 0.0 0.0 0.0 0.0 0.0 0.0 0.0 0.0 0.0 0.0 0.0 0.0 0.0 0.0 -0.02579165976219995 0.0 0.0 0.0 0.0 0.0 0.0 0.0 0.0 0.0 0.0 0.0 0.0 0.0 0.034140160204788446 0.0 0.0 0.0 0.0 -0.034480257984246324 0.0 0.0 0.0 0.010904360917973189 0.0 0.0 0.0 0.017942560178845768 0.0 0.0 0.0 0.0 -0.00918873189139484 0.0 0.0
0.0 0.0 0.0 0.028807595088901215 0.0 0.0 0.0 0.0 0.0 0.0 0.0 0.0 0.0 0.0 0.0 0.0 0.0 0.004045518595497179 -0.02500822204307854 0.018099671426328023 0.0 0.0 0.0 0.0 0.0 0.0 0.0 0.0 0.0 0.0 0.0 0.0 0.0 0.0 0.0 0.0 0.0034973579823886014 0.0 0.0 0.0 0.0 0.0 0.0 0.0 0.0 0.0025893968133594344 0.0 0.0 0.0 0.0 0.0 0.0 0.0 -0.022043759126917424 0.0 0.0 0.0 0.0 0.0 0.0 0.0 0.0 0.0 0.0 0.0 0.0 0.0 0.0 0.0 0.0 0.0 0.03490312436698362 0.0 0.0 0.0 0.0 -0.025347998799752 0.0 0.0 0.0 0.0 0.0 0.0 0.0 -0.022818226297691768 0.0 0.0 0.0 0.0 0.0 0.0 0.0 0.0 0.0 0.0 0.0 0.0 0.0 0.0 0.0
0.0 0.0 0.0 0.0 0.005511829477971821 0.0 0.0 0.0 0.0 0.0 0.0 0.0 0.0 0.0 0.0 0.0 0.0 0.0 0.0 0.0 0.0 0.0 0.025407509223846884 0.0 0.0 0.0 0.0 0.0 0.0 -0.02598862324164648 0.0 0.00751147416475302 0.0 0.0 0.0 0.0 0.0 0.01709193640173288 0.0 0.0 0.01223627851267399 0.0 0.0 0.0 0.0 0.0 0.0 0.0 0.0 0.0 0.0 0.0 0.0 0.0 0.0 0.0 0.0 0.0 0.0 0.0 0.03562077272501676 0.0 0.0 0.0 0.0 0.0 0.0 0.0 0.0 0.0 0.0 0.0 0.0 0.0 0.0 0.0 0.0 0.0 0.0 0.0 0.0 0.0 0.0 0.0 0.020211135051444166 0.0 0.0 0.0 0.0037958042719995477 0.0 0.0 0.0 0.0 0.0 0.0 0.0 0.01732676703241646 0.0 0.0 0.0
0.0 0.0 0.0 0.0 0.0 0.0 0.0 0.0 0.0 0.0 0.0 0.0 0.0 0.0 0.0 0.0 0.0 0.0 0.0 0.0 0.0 0.0 0.0 0.0 0.0 0.0 0.0 0.0 0.0 0.0 0.0 -0.03223936115446698 0.0 0.0 0.0 -0.008404170928373611 0.0 0.0 0.0 0.0 0.0 0.0 0.026673867968819164 0.0 0.0 0.0 0.022861297847238855 0.0 0.0 0.0 0.0 0.0 0.0 0.016835674502013714 0.0 0.0 0.0 0.0 0.0 0.0 0.0 0.0 0.0 0.0 0.0 0.0 0.0 0.0 0.0 0.02947638797200685 0.0 0.02520639918999082 0.0 0.0 0.0 0.0 0.0 0.0 0.0 0.0 0.018728121842662163 -0.02720987312080823 0.0 0.0 -0.015893405553258275 0.0 0.0 0.0 0.0 0.0 0.0 0.0 0.0 0.0 0.0 0.0 0.0 0.0 0.0 0.0
0.0 0.0 0.0 0.0 0.0 0.0 0.0 0.0 0.007733379995905915 0.0 0.0 0.0 0.0 0.0 -0.031490423590580026 0.0 0.0 0.0 0.0 0.0 0.0 0.0 0.0 0.0 0.0 0.0 0.0 0.005669322680798707 0.019956429621311476 0.0 0.0 0.0 0.0 0.0 0.0 0.0 0.0 0.0 0.0 0.0 -0.02801382138948882 0.0 0.0 0.0 0.0 0.0 0.0 0.0 0.0 0.0 0.0 0.0 0.00612309733809647 0.013720088575707601 0.0 0.0 0.0 0.0 0.0 0.0 0.0 0.0 0.032410652915001587 0.0 0.0 0.0 0.03474224763463835 0.0 0.0 0.0 0.0 0.0 0.0 0.0 0.0 0.0 0.0 0.0 0.0 0.0 0.0 0.0 0.0 0.0 0.0 0.0 0.0 0.0 0.0 0.0 0.0 0.0 -0.009216979845114237 0.0 0.0 0.0 0.0 0.0 0.0 0.0
-0.028604011147490335 0.0 0.0 0.0 0.0 0.012268648886122913 0.0 0.0 0.0 0.0 0.0 0.0 0.0 0.0 0.0 0.0 0.0 0.0 0.0 -0.00978882068182495 0.0 0.0 0.0 -0.020201150195428064 0.0 0.0 0.0 0.0 0.0 -0.015607653415541992 0.0 0.0 0.0 0.0 0.0 -0.015791189145985124 0.0 0.0 0.0 0.0 0.0 0.0 0.0 0.0 0.0 0.0 0.03401246658249748 0.0 0.0 0.0 0.0 0.0 0.0 0.0 0.0 0.0 0.0 0.0 0.03179197527103995 0.0 0.0 0.0 0.0 0.0 0.0 0.0 0.0 0.0 0.0 0.0 -0.019290222582344082 0.0 0.0 0.0 0.0 0.0 0.0 0.0 0.0 0.0 0.0 0.0 0.0 0.0 0.0 0.0 0.0 0.0 0.0 0.0 0.0 0.027390924201379233 0.0 0.0 0.0 0.0 0.0 0.0 0.0 0.0
0.0 0.0 -0.035432181553671 0.0 0.0 0.0 0.0 0.0 0.0 0.0 0.02124173824829418 0.029028313769703346 0.0 0.0 0.0 0.0 0.0 0.0 0.0 0.0 0.0 0.0 0.0 0.002663068461185176 0.0 0.0 0.0 0.0 -0.00830119594388428 0.0 0.0 0.0 0.0 0.0 -0.00172455082218815 0.0 0.0 0.0 0.0 0.0 0.0 0.0 0.0 0.0 0.0 0.0 0.0 0.0 0.0 0.0 0.0 0.0 0.0 0.0 0.0 0.0 0.0 0.0 0.0 0.0 0.0 0.0 0.0 0.0 0.01962245891277044 0.0 0.0 0.0 0.0 0.0 0.0 0.0 0.0 0.0 0.0 -0.0050320608695749594 0.0 0.0 0.0 0.0 0.0 -0.03667546685070442 0.0 0.0 0.0 0.0 0.0 0.02946887770492353 0.0 0.0 0.0 0.0 0.0 0.0 0.0 0.0 0.0 0.0 0.0 0.0
0.0 0.0 0.0 0.0 0.0 0.0 0.0 0.0 0.0 0.0 0.0 0.0 0.0 0.0 0.0 0.0 0.0 0.0 0.0 0.0 0.0 0.0 0.0009637688490229558 0.0 0.0 0.0 0.0 0.0 0.0 0.0 0.015506485525256542 -0.019170094339145807 0.0 0.027911567440715056 0.0 0.0 0.0 0.0 0.0 0.0 0.0 0.0 0.0 0.0 0.0 -0.02670789721520591 0.0 0.0 0.025834430863280824 0.0 0.0 0.0 0.0 0.0 0.0 0.0 0.0 0.0 0.0 0.0 0.011564619818832418 0.0 0.0 0.0 0.0 0.0 0.0 0.0 0.0 0.0 0.0 0.0 0.0 0.0 0.0 0.0 -0.03149866520607935 0.0 0.0 0.0 0.0 0.0 -0.023821855383920298 0.0 0.0 0.0 0.0 -0.0235711726201951 0.0 0.0 0.0 0.0 0.0 0.0 0.0 0.0 0.0 0.0 0.0 0.0
0.0 0.0 0.0 0.0 0.0 0.0 0.0 0.014028789542834196 0.0 0.0 0.0 0.0 0.0 0.0 0.0 0.0 0.0 0.0 0.0 0.0 0.02583941378319812 0.0 0.0 0.0 0.0 0.0 0.026847836807016762 0.0 -0.013718708173965368 0.0 0.0 0.0 0.0 0.0 0.0 0.0 0.00044399868950384375 0.0 0.0 -0.014023654015694841 0.0 0.0 0.0 0.0 0.0 0.0 0.0 0.0 -0.032365395679868264 0.0 0.0 0.0 0.0 0.0 0.0 0.0 0.0 0.0 0.0 0.0 0.0 0.0 0.0 0.0 0.0 0.0 -0.0174732376858074 0.0 0.0 0.0 0.0 0.0 0.0 0.0 0.0 0.0 0.0 0.0 0.0 0.0 0.0 0.0 0.0 0.0 0.0 0.0 0.0 0.0 0.0 0.0208091439235901 0.0 0.0 0.0 0.0 0.0 0.0 0.0 0.0 -0.01051400070591902 0.0
0.0 0.0 0.0 0.02757287328341648 0.0 0.0 0.0 0.0 0.024589775607259817 0.0 0.0 0.0 0.0 -0.03376864122158619 0.0 0.0 0.0 0.0 0.0 0.0 0.0 0.0 0.0 0.0 0.0 0.0 0.0 0.0 0.0 0.0 0.0 0.0 0.0 0.0 0.0 0.0 -0.017978729123463925 0.0 0.0 0.0 0.0 0.0 0.0 -0.0181712017608823 0.0 -0.029041683440230778 0.0 -0.02729856342100693 0.0 0.0 0.0 0.0 0.0 0.0 0.0 0.0 0.0 0.0 0.0 0.0 0.0 0.0 0.0 0.0 0.0 0.0 0.0 0.0 0.0 0.0 0.0 0.0 0.0 0.0 0.0 0.0 0.0 0.0 0.0 0.0 0.0 0.0 0.0 0.0 0.0 0.009444821662999108 0.0 0.0 -0.03182282367821746 0.0 0.0 0.0 -0.008612182552403733 0.0 0.0 0.0 0.0 0.0 0.0 0.0
0.0 0.0 0.0 0.0 0.0 0.0 0.0 0.0 0.0 0.0 0.0 0.0 0.0 0.0 0.0 0.0 0.0 0.0 0.0 0.0 0.0 0.003482304984708652 0.0 0.0 0.0 0.0 0.0 0.0 0.0 0.0 0.0 0.0 0.0 0.0 0.0 0.0 0.0 0.0 0.0 0.0 0.0 0.0 0.0 0.0 -0.03061841780323123 0.0 0.0 0.0 0.0 0.0 0.0 0.0 0.0 0.0 0.0 0.0 0.0 0.0 0.0 0.0 0.0 0.0 0.0 0.0 0.0 0.0 0.0 0.0 0.0 -0.02348266610890035 0.0 0.0 0.0 -0.023359629301078873 0.0 0.006176561004985192 0.0 -0.0331922026597485 0.0 0.0 0.0 -0.01180876117778576 0.0 -0.004642132442105617 0.0 0.0 0.0 0.0 0.0 -0.023658102103918947 0.0 0.0 0.0 0.0 0.0 0.0 0.0 0.0 0.0 0.01922959410764011
0.0 0.0 0.0 0.0 0.0 0.0 0.0 0.0 -0.024819401872353077 0.0 0.0 0.0 0.0 0.0 0.0 0.0 0.0 0.0 0.0 0.0 0.0 0.0 0.0 0.0 0.0 0.0 0.0 0.0 0.0 0.0 0.0 0.0 -0.003530278732411918 0.0 0.0 0.0 0.0 0.0 0.0 0.0 0.0 0.0 0.0 0.0 0.0 0.0 0.0 0.0 0.0 0.0 0.0 0.0 0.0 0.0 0.0 0.029657035633352997 0.0 0.0 0.011730674841089294 0.0 0.0 0.0 0.0 0.031116167392978265 0.0 0.0 -0.017556329872940903 0.0 0.0 0.0 0.0 0.0 0.0 0.0 0.0 0.0 0.0 0.0 0.0 0.0 0.030493947208730544 0.0 0.0 0.0 0.0 0.035090038713156246 0.0 0.0 0.0 -0.02971017377351985 0.0 -0.018557557502800075 0.0 0.0 0.0 0.0 0.0 0.0 0.0 0.0
0.0 0.0 0.0 0.0 0.0 -0.024174890994332877 0.0 0.030914996573126494 0.0 0.0 0.0 0.0 0.0 0.0 0.0 0.0 0.0 0.0 0.0 0.0 0.0 0.0 0.0 -0.034001849838511206 0.0 0.0 0.0 0.0 0.0 0.0 0.0 0.0 0.0 0.0 0.0 0.0 0.0 0.0 0.0 0.0 0.0 0.02983166751553641 0.0 0.0 0.027614325464793886 0.0 0.0 0.0 0.0 0.0 0.0 0.0 0.0 0.0 0.0 0.0 0.0 0.0 0.0 0.0 0.0 0.0 0.0 0.0 0.0 0.0 0.0 0.0 0.0 0.0 0.0 0.03262480115031206 0.0 0.0 0.0 0.0 0.0 0.03594993682972712 -0.024428926898246155 0.0 0.0 0.0 0.0 0.0 0.0 0.0 0.005963893784289781 0.0 0.0 0.0 0.0 0.0 0.0 0.0 0.0 0.0 0.0 0.0 -0.03030328789160006 0.0
0.0013498246833729115 0.0 0.0 0.0 0.0 0.0 0.0 0.0 0.0 0.0 0.0 0.0 0.0 0.0 -0.026683066657965254 -0.036903998579866655 0.0 0.0 -0.0368173940238449 -0.005792810878730833 0.0 -0.0033420977970647693 0.0 0.0 0.0 0.0 0.0 0.0 0.0 0.0 0.0 0.0 0.0 0.0 0.0 -0.035966685273959 0.0 0.0 0.0 0.0 0.0 0.0 0.0 0.0 0.0 0.0 0.0 0.0 0.0 0.0 0.0 0.0 0.0 0.0 0.0 0.0 0.0 0.0 0.019657773158872214 0.0 0.0 0.0 0.0 0.0 0.0 0.0 0.0 0.0 0.0 0.0 0.0 0.0 -0.006985104532520332 0.0 0.0 0.0 0.0 0.0 0.0 0.0 0.0 0.0 0.0 0.0 0.0 0.0 0.0 0.0 0.0 0.0 0.0 0.0 0.0 0.0 0.0 0.006488753749108479 0.0 0.0 0.0 0.0
0.03716300326749195 0.0 0.0 0.0 0.0 0.0 0.0 0.0 0.0 0.0 0.0 0.0 0.0 0.0 0.0 0.0 0.0 0.0 0.0 0.0 0.0 0.0 0.0 0.0 0.0 0.0 0.0 0.0 0.0 0.0 0.0 0.02251807916709245 0.0 0.0 0.0 0.0 0.0 0.0 0.0 0.0 0.0 0.0 -0.0069757625016207934 0.010134914381095629 0.0024956746626360075 0.0 0.0 0.0 0.0 0.0 0.0 0.0 0.0 0.0 0.0 0.0 0.0 0.0006861731087558394 -0.029936265138937976 0.0 0.0 0.0 -0.020927004237223157 0.0 0.0 0.0 0.025897706964012425 0.0 0.0 0.0 -0.03561475447231499 0.0 0.0 0.0 0.0 0.0 0.0 0.0 0.0 0.0 0.0 0.0 0.0 0.0 0.0 0.0 0.0 0.0 0.0 0.0 0.0 0.0 0.0 0.0 0.0 0.0 0.0 0.0 0.0 0.0
-0.0033749174589053762 0.0 0.0 0.009503129021407443 0.0 0.0 0.0 0.0 0.0 0.0 0.0 0.0 0.0 0.0013760574861734888 0.0 0.0 0.0 0.0 0.0 0.0 0.0 0.0 0.0 0.0 0.0 0.0 0.0 0.0 0.0 0.0 0.0 0.0 0.0 0.035885786406450015 0.0 0.0 0.0 0.0 0.0 0.0 0.0 0.0 0.0 0.0 0.0 0.0 0.0 0.0 0.0 0.0 0.0 0.0 0.0 0.0 -0.03200116827589066 0.0 0.0 0.0 0.0 0.0 0.0 0.023813254020160695 0.0 0.0 0.0 0.0 0.0 0.0 0.0 0.0 0.0 -0.018491909809194733 0.0 0.0 0.0 0.0 0.0 0.0 0.0 0.0 0.0 0.0 0.0 0.0 0.0 0.0 0.0 0.0 0.0 0.03464131198456455 0.022754647695379493 0.0 0.0 0.0 0.0 0.0 0.0 0.0 0.0 0.00014007717175064738
0.0 0.0 0.0 0.0 0.0 0.0 0.0 0.0 0.0 0.0 0.0 0.0 0.0 0.0 0.0 0.0 0.0 0.0 0.0 0.0 0.0 0.012290399597949028 0.0 0.0 0.0 0.0 0.0 0.033365239699972196 0.0 0.0 0.0 0.0 0.0 0.0 0.006250823395855394 0.0 0.03125004875835582 0.0 0.0 0.0 0.0 -0.019663675238225445 0.0 0.0 0.0 0.0 0.0 -0.016027505474949653 0.0 0.0 0.0 0.0 0.016691248062338095 -0.0008032660444172591 0.0 0.0 0.0 0.0 0.0 0.0 0.0 0.0 0.0 0.02384910148302827 0.0 0.0 0.0 0.0 0.0 0.0 0.0 0.0 0.0 0.0 0.0 0.0 0.0 -0.002801474222000246 0.0 0.0 0.0 0.0 0.0 0.0 0.0 0.0 0.0 0.0 0.0 0.0 0.0 0.0 0.0 0.0 0.0 0.0 0.0 0.0 0.0 0.0
0.0020235832502906895 0.0 0.0 0.0 0.0 0.004615052824805621 0.0 0.0 0.0 0.0 0.0 0.0 0.0 0.0 0.0 0.0 0.0 0.0 0.0 0.0 0.0 0.0 0.0 0.0 0.0 0.0 0.0 0.0 0.0 0.0 0.0 0.0 0.0 0.0 0.0 0.0 0.0 0.0 0.0 0.0 0.0 0.0 0.0 0.0 0.025208207972204393 0.0 -0.033379002350391054 0.0070053469696359245 0.0 0.0 0.0008945182500749818 0.0 0.0 0.0 -0.013575360156912882 0.0 -0.024664733772976448 0.0 0.0 0.0 0.0 0.0 0.0 0.0 0.0 0.0 0.0 0.0 0.0 0.0 0.0 0.0 0.0 0.0 0.0 0.0 0.0 0.0 0.0 0.0 0.0 0.0 0.0 0.0 -0.021719822540982703 0.0 0.0 0.0 0.0 0.0 0.0 0.0 -0.022650967957998702 0.0 0.0 0.0 0.0 0.0 0.0 0.0
0.012249737957810211 0.0 0.0 0.0 0.0 0.0 0.0 0.0 0.0 0.0 0.0 0.02519708708027941 0.0 0.0 -0.02843591908558555 0.0 0.0355720491299873 0.0 0.0 0.0 0.0 0.0 0.0 0.0 0.0 0.0 0.0 0.0 0.025665145836974178 0.0 0.0 0.0 0.0 0.0 0.0 0.0 0.0 0.0 0.0 0.0 6.568089651660387e-05 0.0 0.0 0.0 0.0 0.0 0.0 0.0 0.0 0.0 0.0 0.0 0.0 0.0 0.0 0.02633940392497873 0.0 0.0 0.0 0.0 0.00895988949863737 0.0 0.0 0.0 0.0 0.0 -0.0257287550058296 0.0 0.0 0.0 0.0 0.0 0.0 0.0 0.0 0.0 0.0 0.0 0.0 0.0 0.0 0.0 0.0 0.0 0.0 0.0 0.0 0.0 0.0 -0.02131933125717877 0.0 0.0 0.0 0.0 0.0 0.0 0.0 0.0 0.0 0.0
0.0 0.0 0.0 -0.0064338138402729225 0.0 0.0 0.027588119592024587 0.0 0.0 0.0 0.0 0.0 0.0 0.0 0.0 0.0 0.0 0.0123492136212548 0.0 0.0 0.0 0.0 0.02999394265288959 0.0 0.0 -0.02957946535248314 0.0 0.0 0.0 0.0 0.0 0.0 0.0 0.0 0.0 0.0 0.0 0.0 0.0 0.0 0.0 0.0 0.0 0.0 0.0 0.0 0.0 0.0 0.0 0.01482526073534292 0.0 0.01288881620879487 0.0 0.0 0.0 0.0 0.0 0.024369701675531694 0.01014712238497307 0.0 0.0 0.0 0.0 0.0 0.0 0.0 0.0 0.0 0.0 0.0 0.0 0.0 0.0 0.0 0.0 0.0 0.0 0.0 0.0 0.0 0.0 0.0 0.0 0.0 0.0 0.0 0.0 0.0 0.0 0.0 0.0 0.0 0.0 0.0 0.0 0.0 0.022909780226458516 0.0 0.0 0.0
0.017589850148887087 0.0 0.0 0.0 0.0 0.0 0.0 0.0 0.0 0.0 0.021309483900573772 0.0 0.0 0.0 0.0 0.0 0.0 0.0 0.0 0.0 0.0 0.0 0.0 0.0 0.0 0.0 0.0 0.0 0.0 -0.008448244219728214 0.0 0.0 0.0 0.0 0.0 0.0 0.0 0.0 0.0 0.0 0.0 0.0 0.0 0.0 0.0 -0.02391091320024811 0.0 0.0 0.0 0.0 0.0 0.0 0.0 0.0 0.0 0.0 0.0 0.0 0.0 0.0 0.0 0.0 0.0 0.0 0.0 -0.031803750983232536 -0.0005322555288951692 0.0 0.0 0.0 -0.01857095347032333 0.0 0.0 0.0 0.0 0.0 0.0 0.0 0.0 0.0 0.0 0.0 0.0 0.0 0.0 0.0 0.012427120224241058 0.0 0.0 0.0 0.0 0.0 0.0 -0.0006885507599184091 0.0 0.0 0.0 0.0 0.008831320463447211 0.0
0.0 -0.016532863687425535 0.0 0.0 0.0 0.0 0.0 0.0 0.0 0.0 0.0 0.0 0.0 0.0 0.0 0.0 0.0 0.0 0.0 0.0 0.0 0.0 0.0 0.0 0.0 0.0 0.0 0.0 0.0 0.0 0.0 0.0 0.0 0.0 0.0 0.0 0.0 0.0 0.0 0.0 0.0 0.0 0.0 0.0 0.0 0.0 0.0 0.0 0.0 0.0 0.0 0.0 0.011868306562472284 0.0 0.0 0.0 -0.03476840106589335 0.0 0.0 0.0 0.0 0.0 0.0 0.0 0.0044668745358726475 0.0 0.0 0.0 0.0 -0.01597678365523794 0.0 0.03170649512576339 0.02555793216232682 0.0 0.0 0.0 0.0 0.0 0.0 0.0 0.0 0.0 0.0 0.0 0.0 -0.011323590960681855 0.0 0.0 0.0 0.0 0.0 0.03621844934105784 0.0 0.0 0.0 0.0 0.0 0.0 -0.02198016103266111 0.0
0.0 0.0 0.0 0.0 0.0 0.0 0.0 0.0 0.0 0.0 0.0 0.0 0.0 0.0 0.0 0.0 0.0 0.0 0.0 0.0 0.0 0.0 0.0 0.0 0.0 0.0 0.0 0.0 0.0 0.0 0.0 0.0 0.0 0.0 0.0 0.0 0.0 0.0 0.0 -0.010770673467751256 0.0 0.016410331657803697 0.0 0.0 0.0 -0.01596030570474252 -0.012011250051382524 0.0 0.0 0.0 0.0 0.0 0.0 0.0 0.0 0.0 0.0 0.0 0.0 0.01214645051026713 0.0 0.0 0.0 0.0 0.030914570894565622 0.0 0.0 0.0 0.0 0.0 0.0 0.0 -0.018740013539087833 0.0 0.0 0.0 0.0 0.0 0.0 0.0280070789749666 0.0 0.0 0.0 0.0 0.0 0.0 0.0 0.0 -0.004671936147322072 0.0 0.0 0.0 0.0 0.0 0.0 0.0 0.0 0.0 0.0001363941298093843 0.0
0.0 0.0 0.0 0.0 -0.01455398810254187 0.0 0.0 0.0 0.0 0.0 0.0 0.0 0.0 0.03241612142309747 0.0 0.0 0.0 0.0 0.0 0.0 0.0 0.0 0.0 0.0 0.0 0.02193039177193915 0.0 0.0 0.0 -0.007900901017936316 0.0 0.0 0.0 0.0 0.0 0.0 0.0 0.0 0.0 0.0 0.0 0.0 0.0 0.0 0.0 0.0 0.0 0.0 0.0 0.0 0.0 0.0 0.0 0.0 0.0 -0.008387372085007252 0.0 0.0 0.0 0.0 0.0 0.0 0.0 0.0 0.0 -0.016547928211552352 0.0 -0.032005150936578595 0.0 0.0 0.0 0.0 0.0 0.0 0.0 0.0 0.022175589570216155 0.0 -0.010564560506137306 0.0 0.0 0.0 0.0 0.0 0.0 0.0 0.0 0.023104132050541727 0.0 0.0 0.0 0.0 0.0 0.0 0.0 0.0 0.0 0.0 0.0 0.0
0.0 0.0 0.0 0.0 0.0 0.0 0.0 0.0 0.0 0.0 -0.03717619483394517 0.0 0.0 0.0 0.0 0.0 0.0 0.0 0.0 0.0 -0.02897826392836571 0.0 0.0 0.0 0.0 0.0 0.0 0.0 0.0 0.0 0.0 0.0 0.013424684907650204 0.0 0.0 0.0 0.0 0.0 0.0 0.0 0.005258873243303827 0.0 0.0 0.02711164389263664 0.0 0.0 0.0 0.0 0.0 0.0 0.0 0.0 0.0 0.0 0.0 0.0 0.0328512897750592 0.0 0.0 0.0 0.0 0.0 0.0 0.0 0.0 0.0 -0.001715078250248728 -0.01962135467555301 0.0 0.0 0.0 0.0 0.0 0.0 0.0 0.0 0.0 0.0 0.0370559040836029 0.0 0.0 -0.024644334278420506 0.0 0.0 0.0 0.0 0.0 0.0 0.0 0.0 0.0 0.0 0.0 0.0 0.0 0.0 0.0 0.0 0.0 0.0
0.0 0.0 0.0 0.0 0.0 0.0 0.0015227755192575253 0.0 0.0 0.0 0.0 -0.01981308441049325 0.0 0.0 0.0 0.0 0.0 0.0 0.015718432123233927 0.0 0.0 0.0 0.0 0.0 0.0 0.0 0.0 0.0 0.0 -0.021333856594742063 0.0 0.0 0.0 0.0 0.0 0.0 0.0 0.0 0.0 0.0 0.0 0.0 0.0 0.0 0.0 0.0 0.0 0.0 0.0 0.0 0.0 0.0 0.0 0.0 -0.02765673608704079 0.0 0.0 0.0 0.0 0.0 0.0 0.0 0.0 0.0 0.0 0.0 0.0 0.0 0.0 0.0 0.0 0.0 0.0 0.0 0.0 0.0 0.0 0.0 0.0 0.0 0.035608347505332066 0.0 0.02693625267590612 0.0 0.0 0.0 0.0 0.034898488235398095 0.0 0.0 0.0 0.0 0.0 0.0 0.0 0.032405950865104616 -0.0013317989539796268 0.0 0.0 0.0
0.0 0.0 0.0 0.0 0.0 0.0 0.0 0.0 0.0 0.0 0.0 -0.0012436101539748206 0.0 0.013529217818929308 0.0 0.0 0.0 0.0022021325457541297 0.0 0.0 0.0 0.0 0.0 0.0 0.0 0.0 0.0 0.0 0.0 0.0 0.0 0.0 0.0 -0.028816459859074883 0.0 0.0 0.0 0.0 0.0 0.0 0.0 0.0 0.0 0.0 -0.0013794588769951213 0.0 -0.029098709733479687 0.0 0.0 0.0 0.0 0.0 0.0 0.0 0.0 0.0 0.0 0.0 0.0 0.0 0.0 0.026886696958953724 0.0 0.0 0.0 0.0 0.0 0.0 0.0 0.0 0.0 0.0 0.0 0.0 0.0 0.0 0.0 0.0 0.019172637345714817 0.0 0.0 0.0 0.0 0.0 0.0 0.0 0.0 0.0 0.025092798210527553 0.0 0.0 0.0 0.0 0.0 0.0 0.0 0.022593256958630188 0.0 0.0 0.0
0.0 0.0 0.0 0.0 -0.03455507133704306 -0.0052862129104808055 0.0 0.0 0.0 0.0 0.0 0.0 0.0 0.0 0.0 0.0 0.0 0.0 0.0 0.0 0.0 0.0 0.02566486703244523 0.0 0.025097094989623783 0.0 0.0 0.0 0.024570226210266218 0.0 0.0 0.0 0.0 0.002742867754155822 0.0 0.03257963673343274 0.0 0.02032325870473598 0.0 0.0 0.0 0.0 0.0 0.0 0.0 0.0 0.0 0.0 0.0 0.0 -0.02291782066959551 0.0 0.0 0.0 0.0 0.0 0.0 0.0 0.0 0.0 0.0 0.0 0.0 0.0 0.0 0.0 0.0 0.0 0.0 0.0 0.0 0.0 0.0 0.0 0.0 0.0 0.0 0.0 0.0 0.0 0.0 0.0 0.0 0.0 -0.014744895527563577 0.0 0.0 0.0 0.0 0.0 0.0 0.0 0.0 0.0 0.0 0.0 0.0 0.0 0.0 0.0
0.0 0.0 0.0 0.0 0.0 -0.023757433910460146 0.0 0.0 0.0 0.0 0.0 0.0 0.0 0.0 0.0 0.0 0.0 0.0 0.0 0.0 0.0 0.0 0.0 0.0 0.0 0.0 0.0 0.0 0.0 0.0 -0.027646734908021966 0.0 0.0 0.0 0.0 0.0 0.0 0.0 0.0 0.0 0.0 0.0 0.0 0.0 0.0 0.0 0.0 0.0 0.0 0.020868183654260013 0.0 0.0 0.03321561710711833 0.0 0.0 0.0 0.0 0.0 0.0 0.0 0.0 0.007564356064581551 0.0 0.0 0.0 -0.034893367378639836 0.0 -0.025861384664911335 -0.00018236453458947237 0.0 0.0 0.0 0.0 0.0 0.0 0.0 0.0 0.0 0.0 0.0 0.0 0.0 0.0015157970953947714 0.013268994299624406 0.0 0.0 0.0 0.0 0.0 0.0 0.0 0.0 0.0 0.0 0.0 0.0 0.0 0.0 0.0 0.0
0.0 -0.03168303674050996 0.0 0.0 -0.014521036012127288 0.0 0.0 0.0 0.0 0.0 0.0 0.0 0.0 0.0 0.0 0.0 0.0 0.0 0.0 0.0 0.0 0.0 0.0 0.0 0.0 0.0 0.0 0.0 0.0 0.0 0.0 0.0 0.0 0.0 0.009448072943405236 0.0 0.0 0.0 0.0 0.0 0.0 0.0004238103250767007 0.0 0.0 0.0 0.009287835968083866 0.0 0.0 0.0 0.0 0.005366802996873594 0.0 0.0 0.0 0.0 0.0 -0.033986384825105666 0.0 0.0 0.0 0.0 0.029311255372822868 0.0 0.0 0.0 0.0 0.0 0.0 0.0 0.0 0.0 0.0 0.0 0.0 -0.019536386712019384 0.0 0.0 0.0 0.0 0.0 0.0 0.0 0.0 0.011660746788610591 0.0 0.0 0.0 0.0 0.0 0.0 0.0 0.0 0.0 0.0 0.0 0.0 0.0 0.0 0.0 0.0
0.0 0.0 0.0 0.0 0.0 0.0 0.0 0.0 0.0 0.0 0.0 0.026922913942416946 0.0 0.0 0.0 0.0 0.0 0.0 0.0 0.0 0.0 -0.034011388978775 0.0 0.0 0.0 0.0 0.0 0.0 0.0 0.0 0.0 0.0 -0.03676559831116113 0.0 0.0 0.0 0.0 0.0 0.0 0.0 0.0 0.0 0.0 0.0 0.0 0.0 0.0 0.0 0.0 0.0 0.0 0.0 0.0 0.0 0.0 0.0 0.0 0.0 0.0 0.0 0.0 0.033524155367738596 0.0 0.0 0.0 0.0 -0.0057425047380223635 0.0 0.03536925291618391 0.0 -0.004316227848248571 0.0 0.0 0.029602297515449096 0.0 0.0 0.0 0.0 0.0 0.0 -0.02921995620362997 0.0 0.0 0.0 0.0 0.0 0.0 0.0032876133201260086 0.0 0.0 0.0 0.0 0.0 0.0 0.0 0.0 0.0 0.0 0.0 0.0
0.0 0.0 0.0 0.0 0.0 0.0 0.0 0.0 0.0 0.0 0.0 0.0 0.0 0.0 0.0 0.0 0.0 0.0 0.0 0.021675498395015563 0.0 0.0 0.0 0.0 0.0 0.0 0.0 0.0 0.0 0.0 0.0 0.0 0.0 0.0 0.03498054058250711 0.0 0.0 0.0 0.0 0.0 0.024950041762708864 0.0 0.0 0.0 -0.034422244542902415 -0.015167291234446208 0.0 0.0 0.0 0.0 0.03099909895921208 0.0 0.001992662487019953 0.0 0.0 0.0 0.0 0.0 0.0 0.0 0.0 0.0 0.0 0.0 0.0 0.0 0.0 0.0 0.0 0.0 0.0 0.0 0.0 0.0 0.0 0.0 0.0 0.0 0.0 0.0 0.0 0.0 0.0 0.0 0.0 0.0 0.0 0.0 0.0 0.0 -0.010296140945779417 0.0 -0.03512446584845288 0.0 0.0 -0.014739438467332604 0.0 0.0 0.0 0.0
0.0 0.0 0.0 0.0 -0.011343667268698102 0.006689855409083814 0.0 0.0 0.0 0.0 0.0 0.0 0.0 0.0 0.0 0.0 0.0 0.0 0.0 0.0 0.0 0.0 -0.023738956957960716 0.0 0.0 0.0 0.0 0.0 0.0 0.0 0.0 0.0 -0.03564951357308317 0.0 0.0 0.0 0.0 0.0 -0.03146236842435161 0.01661870027112967 0.0 0.0 0.0 0.0 0.0 0.0 0.0 0.0 0.0 0.0 0.0 0.0 0.0 0.0 0.0 0.0 0.0044951079770305415 0.0 0.0 0.0 0.0 0.0 0.0 0.0 0.0 0.0 0.0 0.0 0.0 0.008911379914664598 0.0 0.0 0.0 0.0 0.0 0.0 0.0 0.0 0.0 0.0 0.0 0.0 0.0 0.0 0.0 0.0 -0.01626757047929401 0.0 0.0 0.0 0.0 0.0 0.0 0.0 0.0 0.0 0.0 0.0 0.0 0.02958611551308766
0.0 -0.009482337286593144 0.0 0.0 0.0 0.0 0.023819405719799208 0.0 0.0 0.0 0.0 0.0 -0.009868142414179678 0.0 0.0 0.0 0.0 0.0 0.0 0.011298021397034726 0.0 0.0 0.0 0.031005619697610624 0.0 0.0 0.0 0.0 0.0 0.0 0.0 0.0 0.0 0.0 0.0 0.0 0.0 0.025221730158196617 0.0 0.0 0.0 0.0 0.0 0.0 0.0 0.0 0.0 0.008554257428778887 0.0 0.0 0.0 0.0 0.0 0.0 0.0 0.0 0.0 0.0 0.0 0.0 0.0 0.0 0.0 0.0 0.0 0.0 0.0 0.0 0.0 0.0 0.0 0.0 0.0 0.0 0.0 0.0 -0.012427061137295869 0.0 0.0 0.0 0.0 0.0 0.0 0.0 0.0 -0.009944399953340224 0.0 0.0 0.0 0.0 0.0 0.0 0.0 0.0 0.0 -0.00872633611904861 0.0 0.0 0.0 0.0
0.0 0.0 0.0 0.0 0.0 0.036655229834968404 0.0 0.0 0.0 0.0 0.0 0.0 0.0 0.0 0.0 0.0 -0.033965260542815345 0.0 0.0 0.0 0.0 -0.01853783220545244 0.0 0.0 -0.006823751556680059 0.0 0.0 0.0 0.0 0.0 0.0 0.0 0.0 0.0 0.0 0.012135811988022032 0.0 0.0 0.0 0.01528023400522695 0.0 0.0 -0.02496324052941825 0.0 0.0 0.0 0.0 0.033392699974452926 0.0 0.0 0.0 0.0 0.0 0.0 0.0 0.0 0.0 0.0 0.0 0.0 0.0 0.0 0.0 0.0 0.0 0.0 0.0 0.0 0.0 0.0 0.0 0.0 0.0 0.0 0.0 0.02094429399212178 0.0 0.0 0.0 0.0 0.0 0.0 0.0 0.0 0.0 0.0 0.0 0.0 0.0 0.0 0.0 0.0 0.0 0.0 0.0 0.02469901346045698 0.0 0.0 0.0 0.0
0.0 0.029197862942315727 0.0 0.0 0.0 0.0 0.0 0.0 0.0 0.0 0.0 0.0 0.012539015026778639 0.0 0.0 0.0 0.0 0.0 0.0 0.0 0.0 0.0 0.036234189818615155 0.03005878270720425 0.0 0.0 0.0 0.0 0.0 0.0 0.0 0.0 0.0 0.0 0.0 0.0 0.0 0.0 0.0 -0.0008537915305923377 0.0 0.0 0.0 0.0 0.0 0.0 0.0 0.0 0.0 0.0 0.0 0.0 0.0 0.0 0.0 0.0 0.0 0.0 0.0 0.0 0.0 0.0 0.0 0.0 0.0 0.0 0.0 0.0 0.0 0.011284399963329344 0.0 0.0 0.0 -0.004463021349875179 0.0 0.0 0.0 0.0 0.007734059844696891 0.0 0.0 0.0 0.0 0.0 0.0 0.0 0.0 0.0 0.0 0.0 0.0 0.018781719108094497 0.0 -0.013068572458257873 0.0 0.0 0.0 0.0 0.0 0.0
0.0 0.0 0.0 0.0 0.0 0.0 0.0 0.0 0.0 0.0 0.0 0.0 0.0 -0.03513620563442979 0.0 0.0 0.0 0.0 0.0 0.0 0.0 0.0 0.0 0.0 0.0 0.0 0.0 -0.033779742159203936 0.0 0.0 0.0 0.0 0.0 0.0 0.0 0.0 0.0 0.0 0.0 0.0 0.0 0.0 0.0 0.0 0.0 0.0 0.0 0.0 0.0 0.0 -0.03495865583484785 0.0 0.0 0.0 0.0 -0.00998378311526312 0.0 0.0 0.0 0.0 0.0 0.0 0.0 -0.01970036094137686 0.0 0.0 0.0 0.0 0.0 0.0 0.0 0.0 0.0 0.0 -0.003950645054054306 0.0 0.0 0.0 0.01963316039594493 0.0 0.0 0.00405960474883364 0.0 0.0 0.0 0.0 0.0 0.0 0.0 0.0 0.0 0.0 0.0 0.0 0.002800687023150092 0.02553378811391706 0.0 0.0 0.0 0.0
0.0 0.0 0.0 0.03332350870628536 0.0 0.0 0.0 0.0 0.0 0.0 0.0 0.0 0.0 0.0 0.0 0.0 0.0 0.0 0.0 0.0 -0.011843274490330404 0.0 0.0 0.0 0.0 0.0 0.0 0.0 -0.0008079873320292119 0.0 0.0 0.0 0.0 0.0 0.0 0.0 0.0 0.0 0.0 0.0 0.0 0.0 0.0 0.0 -0.03648837653970673 -0.02103030324241509 0.0 0.0 0.003666336395945091 0.0 0.0 0.0 0.0 0.0 0.0 0.0 0.031785147065436205 0.0 0.0 0.0 0.0 0.0 0.0 0.0 0.0 0.0 0.0 0.0 0.006100871734066734 0.0 0.0 0.0 0.0 0.0 0.0 0.0 0.0 -0.03563565603943767 0.0 0.0 0.0 0.0 0.0 -0.005328206572571098 0.0 0.0 0.0 0.0 0.0 0.0 0.0 0.0 0.0 0.0 0.0 0.0 0.0 0.0 0.0 0.0
0.0 0.0 0.0 0.0 0.0 0.0032664581407726976 0.0 0.0 0.0 0.0 0.0 0.0 0.0 0.0 0.0 0.0 0.0 0.0 0.0 0.0 0.032981076806097735 0.0 0.0 0.0 0.0 0.0 0.0 0.0 0.0 0.0 0.0 0.0 0.0 0.029376707579241174 0.0 0.0 0.0 0.0 0.0 0.0 0.0 -0.008462932505562704 -0.035065955861321246 0.0 -0.03682994467990213 -0.010651445830982756 0.0 0.0 0.0 0.0 0.002661528198927046 0.0 0.0 0.0 0.0 0.0 0.0 0.0 0.0 0.0 0.0 0.0 0.0 0.0 0.0 0.0 0.0 0.0 0.0 0.0 0.0 0.0 0.0 0.0 0.0 0.0 0.0 0.0 0.0 0.0 0.0 0.0 0.0 0.0 0.0 0.0 0.0 0.02541562032098787 0.0 0.01152202142839837 0.0 0.0 0.0 0.0 0.0 0.0 0.0 0.0 0.0 0.0
0.0 -0.019176354402799568 0.0 0.0 0.0 0.0 0.0 0.0 0.0 0.0 0.0 0.0 0.0 0.0 0.0 0.0 0.0 0.0 0.0 0.0 0.0 0.021333291722236757 0.0 0.0 0.0 0.0 0.0 0.0 0.0 0.0 0.0 0.0 0.0 0.0 0.0 0.0 0.0 0.0 0.014483077491822035 0.0 0.006478097344020677 0.0 0.0 0.0 0.0 0.0 0.0 -0.017889035351248434 0.0 0.0 0.0 0.0 0.0 0.0 0.0 0.0 0.0 0.0 0.0 0.0 0.0 0.0 0.0 0.0 0.0 0.0 0.0 0.0 0.0 0.02445998688665869 0.0 0.03100190939467252 0.02846674275065784 0.019728683587438886 0.0 0.0 0.0 0.0 0.0 0.0 0.0 0.0 0.0 0.0 0.0 0.0 0.0 0.0 0.0 0.0 0.0 0.0 0.0 0.0 0.0 0.0 0.0 0.0 0.0 0.0374437990637608
-0.009125523476136729 0.0 0.0 0.0 0.0 0.0 0.0 0.0 0.0 0.0 0.0 0.0 0.0 0.0 -0.03300655193364017 0.0 0.0 0.0 0.0 0.0 0.0 0.0 0.0 0.0 0.0 0.0 0.0 0.023368758579957197 0.0 0.0 0.0 0.0 0.0 0.0 0.0 0.008309897950981871 0.0 0.02076990777753052 0.0 0.0 0.0 0.0 0.0 0.0 0.022020534363894756 0.0 0.0 0.0 0.0 0.0 0.0 0.0 0.0 0.0 0.0 0.0 0.0 0.0 0.0 0.026299437817478597 0.0 0.0 0.0 0.0 0.0 0.0 0.0 0.0 0.0 0.0 0.0 0.0 0.0 0.0 0.0 0.0 0.0 0.0 -0.017304077972442884 0.0 0.0 0.0 0.0 0.024100016739417723 0.0 0.0 0.0 0.0 0.0 0.0 0.0 0.0 0.0 0.0 0.0 0.028053523117138327 0.0 0.0 0.0 0.0
0.0 0.0 0.0 0.0 0.0 0.0 0.0 0.0 0.0 0.0 0.0 0.0 0.0 0.0 0.0 0.0 0.0 0.0 0.035495811601959026 0.0 0.0 0.0 0.0 0.018155426914928767 0.0 0.0 0.0 0.0 0.0 0.0 0.0 0.0 0.0 0.0 0.0 0.0 0.0 -0.014594568028050488 0.0 0.0 0.0 0.0 0.0 0.0 0.0 -0.016449093513616203 0.0 0.012240167300064721 0.0 0.0 0.0 0.0 0.0 0.0 0.0 0.0 0.0 0.0 0.0 -0.006875429503078808 0.0 0.0 0.0 0.0 0.0 0.0 0.0 0.0 0.0 0.0 0.0 0.0 0.0 -0.019317258338255632 0.0 0.0 0.0 0.0 0.0 0.0 0.0 0.01731570742500542 0.0 0.0 0.0 0.0 0.020260973390729995 -2.8591003458522786e-05 0.0 0.0 0.0 0.0 0.0 0.0 0.0 0.0 0.0 0.0 0.0 0.0
0.0 0.0 0.0 0.0 0.0 0.0 0.0057842967016876546 0.0 0.0 0.0 0.0 -0.03252612391027871 0.0 0.01328474191289152 0.0 0.0 0.0 0.0 0.0 0.0 0.0 0.0 0.0 -0.012362208800228914 0.0 0.0 0.0 0.0 0.0 0.0 0.0 0.0 -0.021932257783259655 0.0 0.0 0.0 0.0 -0.007867997757189927 0.0 0.0 0.0 0.0 0.0 0.0 0.0 0.0 0.0 0.0 0.0 0.0 0.0 0.0 0.0 0.0 -0.015765803953411057 0.0 0.0 0.0 0.0 0.0 0.0 0.0 0.0 0.0 0.0 0.0 0.0 0.0 0.0 0.0 0.0 0.0 0.0 0.0 -0.013735175619037497 0.0 0.0 0.0 0.0 0.0 0.0 0.0 -0.009156240287726759 0.0 0.0 0.0 0.0 0.02797686622700413 0.0 0.0 0.0 0.0 0.0 0.0 0.0 0.0 0.0 0.0 0.0 0.0
0.0 0.0 0.0 0.0 0.0 0.0 0.0 0.0 -0.02054757709693404 0.0 0.008151836131392759 0.0 0.0 -0.02520930008395673 0.0 0.0 0.0 0.0 0.0 0.0 0.0 0.0 0.0 0.0 0.0 0.0 0.0 0.0 0.0 0.0 0.011181170629381832 0.0 0.0 0.0 0.0 0.0 0.0 0.0 -0.035579556220763975 0.0 -0.02402916867693211 0.0 0.0 0.0 0.0 0.0 0.0 0.0 0.0 -0.02744098137186844 0.0 0.0 0.0 0.0 0.0 0.0 0.028899243970506014 0.0 0.0 0.0 0.0 0.0 0.0 0.0 0.0 0.0 0.0 0.0 0.0 0.0 0.0 -0.02689035098708944 0.0 0.0 0.0 0.0 0.0 0.0 0.0 0.0 0.0 0.0 0.0 0.0 0.0 0.0 0.0 0.0 0.0 0.0 -0.0349419329955959 0.0 0.0 0.0 0.0 0.0 0.0 0.0 0.0 0.0
0.0 0.0 0.0 0.0 0.0 0.0 0.0 0.0 0.0 -0.03668802661328513 0.0 0.0 0.0 0.0 0.0 0.0 0.0 0.0 0.0 0.0 0.0 0.0 0.0 0.0 0.0 0.0 0.0 0.0 0.0 0.0 0.0 0.0 0.0 0.0 0.03505522725248626 0.0 0.0 0.0 0.0 0.0 0.0 0.0 0.0 0.0 0.0 0.0 0.0 0.0 0.0 0.0 0.03744127895757203 0.0 0.025722444785300478 0.0 0.0 0.0 0.0 0.0 0.015278492648493187 0.0 0.0 0.0 0.0 0.0 0.0 0.0 0.0 0.0 0.0 0.0 0.0 0.0 0.0 0.0 0.0 0.0 0.0 0.0 0.0 0.0 0.0 0.0 -0.00221232695076955 0.0 0.0 0.0 0.002083504788157733 0.0 0.0 0.009453765235053015 0.0 0.0 0.0 0.0 0.0 -0.010357071580328206 0.011299098036247596 0.0 0.0 0.0
