-0.250919762305275 4.506692349792752 2.3197074241722397
0.1973169683940732 -3.4394696142160774 -3.43971079115831
-0.8838327756636011 3.661395281603577 1.011049002420345
0.416145155592091 -4.793675641536272 4.698628611767782
0.6648852816008435 -2.876321232327917 -3.181432152896201
-0.6331909802931324 -1.9573818126475824 0.2475395598907462
-0.13610996271576847 -2.087499827159779 1.1184170943290723
-0.7210122786959163 -2.0783456592963536 -1.3362479289063767
-0.08786003156592814 2.851474437968743 -3.002961852198561
0.02846887682722321 0.9240532740515627 -4.535042323212743
0.21508970380287673 -3.294429287250772 -4.34904912174019
0.8977710745066665 4.65585469871252 3.083665083816495
-0.39077246165325863 -4.022876532050168 1.842146032095057
-0.1196950125207974 -3.779239689787057 -0.048226075797409416
-0.9312229577695632 4.092794700385742 -2.411958963981431
0.32504456870796394 -1.88270095018198 0.20066014375693034
0.0934205586865593 -3.1511402992002555 4.695376693017821
0.5502656467222291 4.394549916700327 3.9478786769260608
0.19579995762217028 4.218320475996145 -4.114663471982857
-0.6080342751617096 -4.5472723381835305 -1.74652202269812
-0.22264542062103598 -2.286281031292815 3.287046354010142
-0.28649334661282144 -2.1904358376358797 0.42691813549932645
-0.7181515500504747 3.0216676105596427 -4.254068113845972
0.9737738732010346 2.7221754481972775 -3.0125419003398104
-0.9889557657527952 3.1542988231198867 2.0683665811323237
0.4580143360819746 2.7124321965127716 -4.259127527310831
-0.2830685429114548 -3.840925273808228 3.63067115533006
0.24659625365511584 -1.6908506494983608 -4.36398005549005
-0.3780353565686756 -1.7479919630545564 2.295832177202303
0.27511494271042625 3.8717402130206895 -0.277822963305669
-0.7608115081233966 2.132234627442727 2.6075897011203577
0.12255439513899247 2.7094008323656555 -0.06203783195245696
0.045465658763988115 -0.7245173574328623 -4.7453341516857925
-0.7842171460133911 -4.685239572318345 1.3639677022265402
-0.37128803784734665 0.08569834095586301 4.075257172787004
-0.5014155417022501 -0.8960811525667384 2.555255834291944
-0.5424036690167551 -4.229777881621899 -2.1022752223152334
-0.6775574254919912 4.2965468257733885 3.0808956752646055
0.26680751302084693 3.7142344412869894 3.0364170969142457
-0.6268598822279283 3.925197425901288 0.39338307691459157
0.6148803103281251 3.960516907935009 -1.8197832537563332
-0.7798961509446465 -2.7203763097431253 -0.7288492215260631
0.6360295318449862 3.606945101980178 -4.929985646818625
0.021494605155131463 -0.8258073795153589 -2.7786440031031683
-0.7602692653326344 -1.6236859011351241 4.428654129421279
-0.35359413595848954 0.18788742681191764 2.0299865699928836
-0.27274079524141204 4.717349045126886 4.62401050212617
-0.4964354083492717 -0.02751218958203788 -1.9910177801421203
-0.4303190112450648 -4.630667413402027 1.0955337754649885
0.005358046457722976 -4.484763966251356 -2.2133140040981223
0.8165317719333074 -2.604120655220943 -3.5506961739598606
-0.02109447944487397 4.856018890651897 -2.5791893401565074
0.3442710948117571 2.6159345336718474 -2.6233621976199957
0.45643269722371915 -1.3220364559401871 1.3229260001052012
0.2670594215217894 0.35771106606351005 -4.096692589225972
0.6706049911784759 -1.7920201303476135 -3.134501414511858
-0.9184497168904722 0.90883853893923 1.775466054060982
-0.9668243421442877 0.12091848993451051 -2.7347687437958186
0.2903455808188997 -3.256010076379091 1.909186443286557
-0.22652930739892518 4.366863157378608 -3.624428079484214
-0.317867297899483 -3.8648782611153503 4.246511489167349
0.754678706761962 -2.420341664476159 1.5996804762957564
0.6344444004024317 0.5519529151830239 0.2964761329817089
-0.5162954181990966 -4.068565424708814 3.9717603637753145
0.8008361143266609 1.3308814712754062 -1.609541119304042
-0.3015808507746782 2.2593308330235238 3.9707054892658187
0.7741728485302346 2.798475583030381 1.4201744298967234
-0.8317200700099023 -3.383374487767957 3.9851433310822655
0.21285811931917986 -4.90753868088532 -3.984886042882545
0.3270035382161116 -4.948889223121659 -3.391580293876431
0.09746757873317224 1.9187600817292398 1.5194606337665029
-0.5514613810788804 2.1215800342540114 -2.6272463741194962
-0.34920060368146455 2.4646675597751235 1.4961793575730995
0.6984468209883559 1.5759713101111334 0.6830177247513808
-0.812650464343815 -1.3227096852087243 -2.3477415255504273
-0.5120207132418328 4.729632536969704 -1.0689158510570627
0.7840931103542266 1.3112551213466317 2.9478182241129427
0.005274186210384224 0.7689619423789648 -0.07481557950517988
-0.609514024403911 2.224298700499792 -2.192057147953883
-0.9513680671370923 1.454577486775771 -3.2285703166089177
0.8809171687058286 4.5388318414488715 4.148229037814265
-0.2596825994891112 -4.844949291327855 4.282757307314666
-0.14363170336537134 4.666081535617653 4.63573615091544
0.7060189109347201 -2.0553055281962127 -1.1489078117093494
0.7022733430337138 -1.8305968704423798 -3.3047420258857616
0.11360252491670031 4.361111586833649 1.9601019369530552
0.14012234017872993 -4.027832238786085 1.1499572597649983
0.9801077002085266 -3.5987999316499963 0.18327819398500364
0.7547461438559109 2.4074454089242905 1.9699603942116846
0.40496816797421853 -1.404947978953668 -2.063875149199331
0.6187223109570272 3.1008238333971287 3.670356113482457
0.8264811051129426 0.11341264621051704 0.015161430577308843
0.5965903579335503 1.499489343846874 2.0194668056997758
0.5915853388722021 3.8996634128338457 -1.6198864266414936
-0.24883409472011198 -4.059774583531151 0.7827231298207437
-0.9281154524065158 -0.34398541669353094 0.4264037024410587
-0.4269174957434312 0.9082417724295386 -4.694528000859445
-0.9253036225015712 3.225683006035923 -1.3979537765287824
-0.7458789746962304 0.2224103572879889 2.69966553743301
-0.5683579450063136 1.2287818677141835 -4.146110697527314
